0.717104288547859 0.436475952217915 0.561583908483363 0.36113733915986 0.355142002730063
0.696965881048899 0.899715923575583 0.827419792930136 0.932512639198277 0.934812365074874
0.717104288547859 0.438080382596322 0.563105526939845 0.347595527645631 0.353015289394313
0.696965881048899 0.898935803260867 0.826384998369283 0.937644575071362 0.935617552985112
0.595923297424209 0.540913031225347 0.642213118715972 0.589971658906523 0.634245544129576
0.803041358578161 0.841078529419582 0.766526131419605 0.807423954120192 0.773131676851866
0.595923297424209 0.543237309835335 0.63623700976367 0.600527257419133 0.644955195990486
0.803041358578161 0.839579195313264 0.771493659991437 0.79960428531659 0.764220383897782
0.758225977227676 0.880946604089281 0.846713899418824 0.738307157991036 0.705363947282219
0.660566035146603 0.526960732733863 0.652613560037001 0.557620053282338 0.394346478143216
0.210675214743745 0.278315719541519 0.118792346204004 0.214071096417094 0.535682246769406
0.536130754167415 0.379242406586914 0.165021178479676 0.136338291314161 0.399344053963357
0.213068039225269 0.270918033320538 0.118478445099929 0.20179967675954 0.527388921799395
0.53994066388378 0.386185484252776 0.166509425619545 0.112800567453638 0.4153915525339
0.0841853064090524 0.0427829909852471 0.0746643894925616 0.0244914174251168 0.0258054032132767
0.0361852353274098 0.0260221562163649 0.095065161449615 0.0184189168776671 0.0221571751769407
0.740506272408826 0.803772296229431 0.816329328771037 0.738307157991036 0.663989521717909
0.610670141892378 0.506098506756862 0.526540679814857 0.522273615508437 0.379480720360666
0.185319878642269 0.157611667339026 0.115970992726001 0.148029029911151 0.535682246769406
0.502877432376385 0.0999066796862175 0.101054632891646 0.0679898880509456 0.132263829473594
0.183367103098385 0.158437461263747 0.113292465152491 0.135986521460227 0.471928212277064
0.531832633085641 0.0982318328400886 0.0977935435193608 0.0592327288549206 0.136649039480565
0.0446560834199876 0.0380728463112711 0.0533713381511861 0.0224823544055857 0.0233738681088615
0.0338355800167976 0.0254687123683288 0.0438548351910542 0.0167704028618199 0.0197267913256823
0.85 0.82 0.995 1 0.61
1 1 1 1 1
0.60208608189784 0.589972068220106 0.705593309641195 0.644658592048426 0.711667329504964
0.798431180493915 0.8074236550412 0.708617020251126 0.764470600937761 0.70251662764327
0.60208608189784 0.588215742249905 0.675021372191063 0.644658592048426 0.711667329504964
0.798431180493915 0.808704050051311 0.737798175035216 0.764470600937761 0.70251662764327
0.590288788211854 0.563108125927976 0.582948003926627 0.618174720867721 0.587091578133807
0.807192137295316 0.826383227391434 0.812509461309812 0.786040720624648 0.809520524066163
0.590253142383495 0.561977712753211 0.581811346117003 0.613759970987633 0.58463246600658
0.807218203403769 0.827152374335388 0.813323771649102 0.7894926839517 0.811298268019269
0.740877550053118 0.68568612650111 0.761576624023752 0.958099159953238 0.70443554742958
1.31644036717419 1.75564942179849 0.429385787533094 0.642576165401274 1.03052740615823
0.110172109319542 0.204494594994944 0.173976317686381 0.256698692039155 0.437337289335089
0.0992428143275648 0.158348272988323 0.285441953547409 0.592358713608027 0.331435388254144
0.110679177078098 0.217809330275523 0.172107058829346 0.249310719079783 0.442699134607384
0.100886765825553 0.163813493084946 0.293738800574221 0.587440408196123 0.339385415758575
0.0168777172352959 0.133620229358037 0.022025375478609 0.0279913025075543 0.0289991739097062
0.0125519660380333 0.0410284726011341 0.0163625678165254 0.0228446955068948 0.0213477242826551
0.740877550053118 0.645297606663369 0.722161433071616 0.834631122646534 0.70443554742958
0.887636292166898 1.43400640514162 0.398638731544191 0.599986652360411 0.860528798661823
0.101210809588744 0.174915719369081 0.173976317686381 0.0374044089914601 0.37179470872426
0.0792127832565673 0.133279544846468 0.136568745235486 0.269495453986791 0.204342960225383
0.0994312784907162 0.178530045650773 0.172107058829346 0.0394280629068189 0.442699134607384
0.0784910084045929 0.130780622464988 0.140705395892839 0.242572014999316 0.203897802900328
0.0162092786319782 0.0349051519021635 0.0180083170651802 0.0265494110592778 0.0270548153457346
0.0119947011821448 0.0235282625237199 0.0130563938682626 0.0209653200489779 0.020278571240958
1 0.97 0.96 0.85 0.745
1 0.99 1 1 1
0.548746972329449 0.61951529632094 0.553960298819301 0.551401067398871 -0.495699722065106
0.835988492958643 0.784984584322761 0.83254308436983 0.83424029084634 0.868493975537296
0.547387629697322 0.620567168838485 0.553580270433921 0.549130829335411 -0.698801930522538
0.836879192508899 0.784153294298881 0.83279582382857 0.835736401189636 0.715315218556109
0.526134662556036 0.624847559716538 0.621969660002471 0.593320116857225 0.576652262646875
0.850401268141721 0.78074677528395 0.783041341205183 0.804966607340037 0.816989698823822
0.530379453758385 0.630597722908471 0.616964750152845 0.593320116857225 0.589285131457916
0.847760364154256 0.776109858114592 0.786990785885602 0.804966607340037 0.807925141236876
0.80622983737326 0.86748861105541 0.796654713120345 0.90276383216965 0.728688550909302
0.806818918056678 1.75767450203949 0.498912045228472 0.471842800821329 0.637625724958432
0.14536482411601 0.186888874347725 0.181465780097141 0.449300554240462 0.414462208306546
0.0911395242932435 0.192738330003448 0.110780844022827 0.281556160321815 0.596998036393132
0.155567110473307 0.186294042723564 0.183019205932461 0.454138933146729 0.39924568263811
0.0895707763380862 0.195029162592078 0.11860971455647 0.278639722572418 0.598933999886658
0.101947567311635 0.0647757288449899 0.0248824694592142 0.0203407534433481 0.0354152776561727
0.054162176308197 0.139853962816564 0.0205322263350391 0.0152499604634888 0.0235826301226104
0.726695409910271 0.756903076183651 0.632995973001206 0.8839628827212 0.655409964295996
0.664077081977113 0.824908121408211 0.484543624954132 0.462077584594839 0.616655424740029
0.100136990938517 0.120622549386869 0.0858990059811602 0.449300554240462 0.414462208306546
0.065038001803915 0.0880659277532318 0.0687157192763152 0.0776869512166437 0.596998036393132
0.100910616163857 0.120061048987773 0.0791459310014103 0.446826958987385 0.39924568263811
0.0650966672465016 0.079704969234157 0.0652467809772671 0.0768107118723498 0.598933999886658
0.0709907109342663 0.0323467170646304 0.0235567968051882 0.0203407534433481 0.0324716004896425
0.0506077182270397 0.0256582482771982 0.019199337698291 0.0152499604634888 0.0226547405461071
0.995 0.94 0.98 0.9 0.92
1 0.995 1 1 1
0.479278561676696 0.7450530853891 0.27649666423665 0.47909579101432 0.552425777028159
0.877662839772266 0.667005172357893 0.961014877442595 0.877762623396761 0.833562091793308
0.478270379059613 0.7450530853891 0.277233067674304 0.47909579101432 0.552932932101251
0.878212641969002 0.667005172357893 0.960802698886663 0.877762623396761 0.833225763282625
0.680689576314221 0.620224795435276 0.515471259851798 0.63304902593739 0.578593864740306
0.732571976461812 0.784424121969276 0.856906867907359 0.774111704316451 0.815615803969538
0.691032100339706 0.614162928162418 0.505032580265674 0.631194700181685 0.585855986733841
0.722824070089047 0.789179255727724 0.863100279730111 0.775624426164206 0.810415179280421
0.802579182936762 0.728893817144818 0.707192968074102 0.689733746392487 0.729611437776369
0.519821247283582 0.935749467475509 1.40260706717374 0.513365913775388 0.677752319719379
0.262874558620875 0.207850967605773 0.172080093580887 0.188170076277537 0.17481545864779
0.149055625888558 0.247888703465816 0.0636495618843478 0.173039605875514 0.124965640058202
0.283768562465443 0.208139700400467 0.167874127419134 0.187591114748222 0.177362097406571
0.156824227621217 0.255103400002976 0.0628204732363555 0.179432599472173 0.126829872136557
0.0317377853633264 0.28719795581405 0.0438535115189068 0.0249775944664283 0.0266861998683674
0.031003443828834 0.47887826726875 0.0272082916274565 0.0208117001297196 0.0190410188684542
0.770825188648202 0.673171873892844 0.693757625114947 0.585251265695399 0.660996435230774
0.474000124278566 0.780054548540212 1.09297260059994 0.513365913775388 0.522835767214046
0.148783613029152 0.134068666477674 0.142260688785387 0.188170076277537 0.161616121763699
0.0756297623842589 0.127357865811981 0.0528984888120008 0.12143092065539 0.121692402157883
0.154489288308664 0.136148342602157 0.137244666444635 0.187591114748222 0.163270220678282
0.0714039080721858 0.124436217404065 0.0485026239108915 0.132764858294319 0.126829872136557
0.0272504371895447 0.0609989420212222 0.0438535115189068 0.0249775944664283 0.0256772506205614
0.0250171842763871 0.0536198199912307 0.0272082916274565 0.0208117001297196 0.0183326955129184
0.95 0.985 1 0.975 1
1 1 1 1 1
0.735661183780032 0.627098526720561 0.577684124272714 0.682811363487997 0.489255456992045
0.677349704864011 0.778939944915461 0.816260407323096 0.73059471794673 0.872140526408162
0.735644040942974 0.639667864057354 0.566419775678969 0.682811363487997 0.461159091464301
0.677368323015693 0.768651431854714 0.824116883530356 0.73059471794673 0.887317469883142
0.678240702928659 0.628754042067145 0.578906954537317 0.683631887234079 0.601785896708897
0.734839811721466 0.777604240333234 0.815393609239322 0.72982699508635 0.798657457563797
0.689026270610521 0.610347406051163 0.570623622671417 0.690657930639901 0.602943512691072
0.724736364762082 0.792133854803983 0.821211715241173 0.72318159741811 0.79778388082472
0.757010623313765 0.822333133454094 0.950487043689667 0.866568328075842 0.842061361572743
2.70156549951964 1.43767066121176 0.6763708506013 1.29930060386088 1.45383764270318
0.378425058951792 0.177927556841082 0.332504032920134 0.178630935775056 0.19628912707509
0.43241506347384 0.176238438466461 0.229112770927867 0.318972513962217 0.17025221589614
0.386408706675672 0.175626735668954 0.354831323365254 0.181539870178206 0.222934154490955
0.447404217515138 0.193952300076716 0.244126784722802 0.354251936919655 0.148081158112924
0.0873691661335037 0.0307713132022706 0.0256515168321649 0.0905200578200098 0.0623725954268841
0.207319771441819 0.0261628564892519 0.0178613188253583 0.20686683085533 0.0550472916740926
0.735219837404807 0.782755890109751 0.91001869962867 0.843651314982044 0.756850234776067
1.24677999488049 1.13373194974948 0.514795019877197 1.0163800267914 0.962177191144743
0.30996826614201 0.112292014742294 0.119884269268004 0.178630935775056 0.19628912707509
0.284285924361429 0.102082743564341 0.104950655832711 0.283810878239234 0.079933455998807
0.319501560524064 0.108771535001072 0.11127669275835 0.176838360294159 0.187022305391606
0.273584110899253 0.0883028624194215 0.0989237550663403 0.312924780078241 0.0821241332235322
0.0485350171376483 0.0262926485942487 0.0222060617380712 0.0698528113968844 0.0522095508950347
0.0432738948769976 0.0210716188281829 0.0163150653046787 0.0558069936148452 0.0395766455101575
0.6 0.985 0.88 0.965 0.98
0.95 1 1 1 1
0.725035744939736 0.487237182554494 0.66506487765246 0.417212708986483 0.677039908042661
0.688711237428054 0.873269676524015 0.746785584028722 0.908808866297067 0.735946304371171
0.725035744939736 0.487237182554494 0.666058114645023 0.417212708986483 0.653730172925465
0.688711237428054 0.873269676524015 0.74589985112984 0.908808866297067 0.756727732415591
0.612517004624957 0.620311372912776 0.583677807946038 0.30165352334487 0.588107043373893
0.790457411278603 0.784355659528933 0.811985354862579 0.953417616710341 0.808783101662008
0.582661309230401 0.612497311506957 0.583677807946038 0.321438062566445 0.608753574745746
0.812715078441341 0.790472670872782 0.811985354862579 0.9469306056589 0.793359367017416
0.676944533642909 0.708502709474365 0.807158498099055 0.909274167988356 0.826799940042888
0.537625838903987 0.687747419616077 0.602035847814539 17.7832163873114 0.748732043881246
0.128349428219569 0.197384632175422 0.175553001917085 0.470892947121681 0.0895240818833182
0.119399165646818 0.190343357268096 0.174650132476809 0.417397991968869 0.0796158728457485
0.128146592040517 0.209781721796212 0.17693297331884 0.472772811773047 0.0905271996267476
0.118928769602011 0.178425159044574 0.197214300266704 0.45111173817601 0.0813664446584238
0.0237764317502596 0.118631928880347 0.0270414596366684 0.192869168524654 0.0362448326935802
0.0181991175460747 0.149228454477693 0.0192024278853575 0.0577460266492532 0.026649869993492
0.633360650491213 0.638665746184676 0.744135622146644 0.875649231419008 0.76417554289309
0.490146310881435 0.594162630960662 0.536214293067495 8.55071753371824 0.734072591180247
0.125146204905847 0.144412217706762 0.0543885970980979 0.388844235508455 0.0848619613608216
0.101196372895228 0.0783779767187874 0.0443128435267061 0.124556893437466 0.0796158728457485
0.12482165922804 0.149174571041014 0.0493605369267212 0.389378627696411 0.085904985548889
0.100954988237365 0.0770132460399238 0.0399699458036489 0.117555707960369 0.0813664446584238
0.0223576726305251 0.0286861079233289 0.0208950262575824 0.115849927768167 0.0362448326935802
0.0160192924258222 0.021685089025419 0.0152125482897077 0.0577460266492532 0.026649869993492
0.99 0.98 0.985 0.58 1
1 1 1 0.86 1
0.482491666360827 0.766107647582863 0.709130630999487 0.441879424232667 0.607519564921227
0.875900560504645 0.642712278017973 0.705077122149251 0.897074453119588 0.79430471372007
0.482491666360827 0.766107647582863 0.709130630999487 0.441879424232667 0.607519564921227
0.875900560504645 0.642712278017973 0.705077122149251 0.897074453119588 0.79430471372007
0.558201484108382 0.633482512063298 0.608746817500501 0.625609388904925 0.592731769158737
0.829705431547366 0.773757007664534 0.793364551882054 0.780136457623925 0.805399931605382
0.539929614086389 0.635423185056384 0.607389447446494 0.619836224731731 0.587200532057699
0.841710170921395 0.772164086119525 0.794404216460766 0.784731198889349 0.809441495817428
0.852959759897781 0.803811010776134 0.84487729400083 0.735152478494313 0.866973525241895
1.22465761876234 0.714437704713548 3.13304616574614 0.393049962236104 0.657050192996356
0.270152604561473 0.391789233774668 0.328817183140352 0.277458197920517 0.108585663135889
0.194660432026935 0.298357580877198 0.402687619238388 0.480846568167588 0.0867902217740129
0.268597429906457 0.421548269024143 0.328069282556051 0.289689836431494 0.114306986101454
0.155830036614539 0.306756755937375 0.394299738602558 0.473833762250624 0.0902495570823933
0.131073231964664 0.0724670492879139 0.045272913766436 0.0183077371520142 0.0208429499331694
0.0454878068229101 0.0732162531854296 0.0392469811247041 0.0149028112517855 0.0152472095471192
0.770291997958081 0.747698358465558 0.665724121216629 0.667953006209238 0.789674390100346
0.902573459872001 0.571255266964971 1.24384513459223 0.371973383671906 0.629313712455555
0.10332300416455 0.212497879748862 0.158901267529596 0.251289287574213 0.108585663135889
0.0683376657322634 0.242875310849835 0.16963701687127 0.151099240826666 0.0852754249973216
0.0908668554605945 0.215466039406366 0.147480487613743 0.257494974008979 0.107840984490228
0.0647410516291049 0.23532465351134 0.16157462832836 0.248564316126945 0.0867066149054069
0.0507229708589393 0.0515916090804504 0.0280576550503363 0.0162832483077695 0.0208429499331694
0.0324378363981088 0.0378007137602593 0.0211799534822386 0.0131886816832678 0.0149864038067361
0.91 0.68 0.84 0.655 1
1 1 0.965 1 1
0.639533818290851 0.611137147160712 -0.417793413448099 0.817000579606899 0.900554678361199
0.768762964288945 0.791524723151631 0.908542053885997 0.576636846656534 0.434742764496153
0.582352527200148 0.611137147160712 -0.417793413448099 0.817000579606899 0.919137325471402
0.812936365322404 0.791524723151631 0.908542053885997 0.576636846656534 0.393937275369161
0.693473640124728 0.557105518964295 0.628591456509301 0.645218864684252 0.645541484374393
0.72048199870098 0.83044171423377 0.777735675408757 0.76399778576614 0.76372520709461
0.693989038292391 0.571788379584965 0.615306849898124 0.649192454421986 0.64350157211205
0.719985565640035 0.820401151249558 0.788287688898189 0.760624189150961 0.765444790098751
0.866534809695388 0.839446056668751 0.800327285056434 0.709276789843662 0.70695139360789
2.45868181468835 0.567429304215538 1.10205787211916 0.58528866977264 0.471947288215183
0.198810186589854 0.254564855494929 0.589210098632323 0.158587375038674 0.415423139046701
0.153352407888313 0.301039529889644 0.592028512713367 0.35598578140029 0.41306053417625
0.198874365916723 0.252802185665302 0.587599066274883 0.145770306231165 0.411701944519486
0.159078033765788 0.329999179382005 0.594182972268638 0.362349620337636 0.406338806007329
0.0515166557385406 0.0319236653561425 0.192675266184124 0.0185994427897755 0.0236188183800557
0.0489365407017348 0.0226654337308692 0.120260773986968 0.0158738065588029 0.0203353023263409
0.794302676720456 0.760604531684268 0.779885155924313 0.69448206390249 0.660516147419299
1.64688657954358 0.503264625016314 0.896251150558659 0.56265783614891 0.471947288215183
0.155464290723999 0.119245221592259 0.589210098632323 0.128844910913547 0.173098302857252
0.124181188715414 0.0879567929522505 0.382636189997184 0.192692824282111 0.325055594058825
0.159765488764958 0.106114207587137 0.587599066274883 0.122796442173244 0.148970090497994
0.12730296664382 0.0801265546452057 0.38915136978644 0.173968986392958 0.315685128974666
0.0454364320291126 0.0276162198312134 0.033088318359798 0.0185994427897755 0.0205658250737468
0.0399430146610786 0.0187154678814346 0.0275685552531671 0.0155396291639837 0.0165463533862907
0.975 0.9 0.535 0.98 0.715
0.995 1 1 1 1
0.327107282465056 0.773228520345165 0.190710731111389 0.924550397589376 0.670558421212132
0.944987209309378 0.634127475611037 0.981646278981874 0.381059788376217 0.741856727233428
0.327107282465056 0.689103271524749 0.190710731111389 0.924606152845363 0.670558421212132
0.944987209309378 0.724663150142111 0.981646278981874 0.380924483487866 0.741856727233428
0.588460192667314 0.677566852121808 0.577618986399124 0.611972186079594 0.617661172282566
0.808526191069867 0.735461189258648 0.816306502823081 0.790879285014447 0.786444324955382
0.597819994724529 0.673489326982307 0.571653400163065 0.610482548994788 0.594113543468686
0.801630372370935 0.73919694699107 0.820495210273654 0.792029707380238 0.804381189155416
0.828797802293451 0.835222524661473 0.735572804593678 0.910542582585739 0.866273883241697
0.450205032767076 1.56514485823375 0.970329115364419 0.549228495489336 0.695019129943149
0.414127075532611 0.143004718504456 0.590428266471275 0.618101243296083 0.114317483679648
0.322806311995104 0.208414533770411 0.46856957362345 0.584266318340168 0.247562256207082
0.426596478405237 0.136210300354842 0.584041375777507 0.611580758423039 0.11652522408252
0.347449136141009 0.223176782490378 0.457563267707449 0.587969890545773 0.247927242598156
0.0192291900082035 0.0948302833763146 0.0343996175561113 0.024722082514237 0.0418047146228659
0.0137792397100009 0.104933221149242 0.0247841144979357 0.019173697689359 0.0343653778114212
0.796010164215165 0.819324851837829 0.646218984426711 0.819579861987783 0.819425511374934
0.450205032767076 1.063538612699 0.709163802311807 0.517712329048133 0.669179330090689
0.228205383074041 0.125893735624815 0.590428266471275 0.618101243296083 0.0966647290360543
0.125972156970016 0.121753248128049 0.174308094500073 0.29772101289557 0.0883871484461963
0.227810337987574 0.123080358571226 0.584041375777507 0.611580758423039 0.101628694762324
0.145730405395272 0.118334785987064 0.172865300901968 0.28997914281256 0.0875847285870266
0.0176460136828874 0.0948302833763146 0.0311116011271135 0.0229342673996128 0.0398838966148526
0.0130027121995076 0.095621806793451 0.0216878229300301 0.0174998276844384 0.0291062632232032
0.7 0.995 0.575 0.335 0.995
1 0.995 1 1 1
0.546048431201846 0.327378360681965 0.635476772635689 0.643844150260693 0.83833746086003
0.837753609829288 0.944893332052454 0.772119985132187 0.765156657276852 -0.545151631859208
0.544681872696842 0.32983661718771 0.635476772635689 0.647625836004978 0.979113691006289
0.838642747274107 0.944038032052824 0.772119985132187 0.761958513659932 -0.203313501971808
0.634198016141172 0.604289106259753 0.588615913905418 0.597508095117469 0.602739664002651
0.7731706644219 0.796765132304238 0.80841283135369 0.80186287871998 0.797937903246845
0.643054991237089 0.603772584742323 0.580720994624937 0.603594348639753 0.603794917716979
0.765820003816215 0.797156613165552 0.814102651022476 0.797291579216884 0.797139697505491
0.67018778975314 0.80689664927048 0.865423546456082 0.738740249416633 0.738019666531781
0.64834348512441 0.430192477243206 0.440987386493104 0.575824295027452 0.531444450773921
0.113973989392408 0.376715569532283 0.239701232779658 0.078388706348687 0.308507563015343
0.0571840716309581 0.42842432727566 0.233440442285227 0.0642731131342168 0.545587657271342
0.110216340261209 0.381784760213713 0.249370533812415 0.0759646734796709 0.2740560466252
0.0581018193506066 0.406095588758266 0.256098146030296 0.0613135390264184 0.530903328794649
0.0417079365995419 0.0439973053140741 0.0174402484254548 0.0322475740607358 0.024800354757877
0.0390000347946153 0.0390150721993271 0.012778797271202 0.0246555945910723 0.0188741284328962
0.654396820259464 0.789013053286656 0.849990746320151 0.71931292537555 0.646204991334354
0.501442892342034 0.430192477243206 0.418390112351293 0.47529683962949 0.489337875143254
0.0767345562498134 0.325601060825767 0.198549070009958 0.078388706348687 0.298792394213866
0.0463154494665282 0.202356586944388 0.169005973982584 0.0582992589314027 0.545587657271342
0.0765449446711221 0.33363065862878 0.20771312039703 0.0759646734796709 0.211587897218908
0.0476759991588515 0.201434558453021 0.163044021165899 0.0548420747439055 0.530903328794649
0.0301125888913346 0.0304976148646114 0.0169264753214781 0.0299270598571367 0.0225257206161971
0.0241683489725064 0.0213657322524653 0.0123857088358126 0.0222662327344573 0.0174451448087296
1 0.745 0.895 1 0.975
1 1 1 1 1
0.24886582581421 0.565990071216889 0.738761172856892 0.819128177391259 0.451382676989052
0.968537970727948 0.824412056731281 0.673967305942291 0.573610520304217 0.892330476289024
0.250396925361963 0.567386907563123 0.737907959315265 0.851265289552574 0.451382676989052
0.968143264072666 0.823451332578894 0.674901358406679 0.524735558927516 0.892330476289024
0.552537796127555 0.573092230561399 0.602269618312374 0.61099160344871 0.60773914418387
0.833487842653092 0.819490875647899 0.79829274508658 0.791637076263596 0.794136721620816
0.549652472956886 0.567086655596932 0.602269618312374 0.61099160344871 0.609980573662922
0.835393415686513 0.823658136027252 0.79829274508658 0.791637076263596 0.7924163676716
0.850088876887902 0.859973342510517 0.876612482891512 0.993684135549156 0.782701852194836
0.868819684729841 1.01997512552607 0.802092639917129 0.471542449285137 1.57120389397145
0.469629843626699 0.425488023237527 0.288550377436126 0.0659953494271515 0.358180497137858
0.154975129077501 0.412635691107384 0.297328274176992 0.158182995439041 0.220922457699686
0.464571381719926 0.434733548472954 0.289370625336604 0.0644735540408713 0.376017464316343
0.149217199816523 0.414939920837572 0.30755610737914 0.1735808629991 0.224764463126384
0.0359011943802523 0.0489142277235141 0.0447052044102212 0.0223374153603331 0.029037075231831
0.0227946959629128 0.0316021068695551 0.109536140837631 0.0175037694499741 0.02118968724966
0.829542887794916 0.819316504563902 0.796542425525608 0.917600835830222 0.688147060229157
0.794072018191071 0.840993000763884 0.690191435576473 0.440230748089943 1.08049819221666
0.469629843626699 0.201420121149709 0.130596018331974 0.0599192879626177 0.259366981825231
0.0558857094300263 0.0819200251739736 0.132419728630518 0.08212628012783 0.0833614892417313
0.464571381719926 0.202713619962718 0.117450720303456 0.0609682099298353 0.258038287354556
0.0657601651377703 0.0803835990632719 0.138016797111198 0.0853389997729596 0.0813917146565311
0.0316766583623036 0.0434283965577759 0.0264455784377844 0.0214249803262272 0.0232444215982867
0.0217765762414239 0.0298255805121274 0.0187362430428408 0.0166513597731704 0.0190132483028906
0.965 0.83 0.875 0.985 0.9
1 1 1 1 1
0.572641004912935 0.300341307435191 0.560406833786113 0.774977042443354 -0.0201064131844151
0.81980624509228 0.953831798090271 0.828217471830813 0.631989385738204 0.999797845641236
0.576309716968247 0.205572934730522 0.560406833786113 0.774977042443354 -0.0251197432991968
0.817231368786086 0.978641797853679 0.828217471830813 0.631989385738204 0.99968444946222
0.607917927670207 0.611786242444717 0.621797051269847 0.600711748272395 0.584393959256608
0.793999869784096 0.791023130859884 0.783178413282774 0.799465693752723 0.811470085945493
0.608545600006905 0.613652377155468 0.631984482916528 0.617974605120092 0.584393959256608
0.79351890507551 0.789576316774663 0.77498104064082 0.786198058651041 0.811470085945493
0.80009057314155 0.737238174355307 0.854954269669427 0.890432456753961 0.813061093563952
0.547386432316929 0.551866945299032 6.86488560057311 0.558497919269893 0.508150735793476
0.265135895179843 0.387337766768563 0.517464888762919 0.43335594384478 0.547488320731752
0.277350522560553 0.12834579826725 0.572743846089155 0.433725103355697 0.213447205172799
0.268284653954518 0.390508428284831 0.517151004743368 0.436952112000358 0.552953994189508
0.27403618651513 0.13028950659581 0.59148477339801 0.433104154064006 0.213359536758669
0.0241909055035976 0.0405045842975165 0.0766270347299895 0.0315531442885225 0.026646982000625
0.0184287565407097 0.0356110879357794 0.0604721822230252 0.0232464195919388 0.0186234511111428
0.68803956029057 0.719071840765395 0.789968634601186 0.819411756906195 0.747285427347391
0.512040284935714 0.524096533511093 2.7091402816554 0.473929201466526 0.483921350436441
0.0545241275828863 0.16976076097488 0.243801121074805 0.291471782090483 0.547488320731752
0.0376023999198891 0.0525512914510518 0.374340782433797 0.248141645897546 0.152329786645581
0.0518979912346649 0.164055672733078 0.251527866761262 0.296031302058235 0.552953994189508
0.034252075815385 0.0496242114356503 0.575323636716795 0.224361599531725 0.15381342121971
0.0215058957700715 0.0280761177281014 0.0558293030163049 0.0306027108385228 0.0247907219235536
0.0166181573397023 0.021659957666556 0.0409437684471529 0.02236449066951 0.0176760133066991
0.94 0.97 0.5 0.535 0.625
1 1 0.92 1 1
0.707779024231461 0.591493344806688 0.325323782930028 0.754537908624269 0.505433412554961
0.706433898434922 0.806309880287595 0.945602684143872 0.656256462405449 0.86286561263794
0.70692188398127 0.591493344806688 0.319571092860651 0.776980975821215 0.505433412554961
0.707291630056777 0.806309880287595 0.947562302230228 0.629524076753155 0.86286561263794
0.624634487333105 0.509428067180717 0.577642396559147 0.575976463023655 0.645682915423611
0.780917253768995 0.860513244737417 0.816289937275602 0.817466277006434 0.763605639535268
0.630872157960603 0.483296735562285 0.581009429126242 0.578814335723862 0.66353624084386
0.775886796066367 0.875456603947243 0.813896825934589 0.815459358129235 0.748144141918387
0.811422022724049 0.713061236175942 0.88484963711306 0.767176531173899 0.891860762405301
0.462784627838224 7.37474108851718 0.528893280452729 0.597320244924771 9.69070623634905
0.219069864811328 0.24821186437457 0.210060857275103 0.253673986077462 0.160333518254823
0.301671994147929 0.212590410486974 0.137505190396232 0.468379599370232 0.0916547370971359
0.236893593504882 0.258561745642439 0.206421440819514 0.248788601722119 0.157660399878102
0.312579310749826 0.207089562978389 0.134534159730061 0.464043073070535 0.103187892405713
0.0203477572395852 0.0744988737010587 0.0250225247835998 0.0306905895184295 0.0580232614946783
0.0161674625271809 0.0425525422177376 0.0186426331750804 0.0204283556906596 0.0486284014222519
0.751701830228991 0.609332730139794 0.793514103350122 0.767176531173899 0.822916319639932
0.432549864831518 2.00412655096659 0.512084643979566 0.514137980372924 4.01146196774406
0.143346063134349 0.20720628695902 0.144360893785425 0.169055800843934 0.0906735353045156
0.12168969791678 0.178456274173269 0.0478564696091985 0.275091516479917 0.0668514291378027
0.139741016666638 0.208130337047164 0.107410796563363 0.157273849099912 0.0899831568720666
0.12291619684224 0.17482687571358 0.0397560506827374 0.247293113439866 0.0664789969999251
0.0195343116948454 0.0648234712055087 0.0227208994018516 0.0249799764600384 0.0580232614946783
0.0147328110200492 0.0425525422177376 0.0157845361834314 0.0180166244328327 0.0464151501260229
0.83 0.96 0.995 0.885 0.99
1 0.95 1 1 0.93
0.518985741873132 0.690660553692344 0.688931094970954 0.570862499162906 0.603543054348659
0.854782896256351 0.723179092323184 0.724826838894727 0.82104567902735 0.797330409270518
0.548108119706111 0.689350652390053 0.688931094970954 0.570862499162906 0.603543054348659
0.836407489870955 0.724427828047355 0.724826838894727 0.82104567902735 0.797330409270518
0.584947628821518 0.609713035979792 0.636811726280497 0.641353552597108 0.530942407658509
0.811071064417961 0.792622238999326 0.771019341697505 0.767245476083807 0.847407906353125
0.581777238652422 0.594850701148471 0.639736232650954 0.640225662718623 0.531586633752189
0.813348169350594 0.803836204299839 0.768594530707553 0.768186891841106 0.847003926092445
0.852497957405465 0.634280212861216 0.753232478390156 0.757981503034603 0.972402131685907
0.799621107160355 0.600170145211905 0.457771425359997 0.486556167355287 0.696286650895466
0.178901167817873 0.174177857574102 0.130485332494922 0.22383860148737 0.328524535823901
0.192271065029633 0.147721912187928 0.141512297826233 0.441259942724914 0.465192700997306
0.18838815060912 0.166639976122825 0.136016067080386 0.231205076220469 0.329844045602052
0.189388811475668 0.14994289392559 0.146391619091348 0.457370497451228 0.454888974407443
0.0434759797096628 0.0207495346762376 0.0232366047239982 0.0284991046228869 0.12767652205124
0.0277692644264399 0.0162434646086398 0.0194786354011752 0.0251443408125378 0.0471212895531194
0.784927808739098 0.606553358202877 0.704266128932544 0.74398822265983 0.939015570517777
0.623638511686564 0.525810346172037 0.457771425359997 0.44650964889533 0.639617245312171
0.0736990255055378 0.113430083072786 0.0904086587028043 0.191992129022173 0.0380151536944213
0.0591692308726057 0.126717238249412 0.0990049241187516 0.166009224818726 0.0551821011251513
0.0690861690102896 0.112292729794555 0.101830351353265 0.198013324853468 0.0378376215505213
0.0441101030032715 0.125340077202681 0.105831199202729 0.176948356620292 0.0493287605487791
0.0299285724304696 0.0184856530265961 0.0223521088805706 0.0265478570833461 0.0617323977253164
0.0209609631306173 0.0140064320463793 0.0186018979623795 0.0224805371520478 0.042591831228737
0.985 0.985 1 0.815 0.85
1 1 1 1 1
0.992471471671251 0.58290585137354 0.409562919385105 0.62340039514065 0.468741723648209
0.12247602997608 0.81253970268196 0.912281872594622 0.781902773584083 0.8833352684634
0.991959655613564 0.58290585137354 0.409562919385105 0.62340039514065 0.372085053659871
0.126554500650983 0.81253970268196 0.912281872594622 0.781902773584083 0.92819863867759
0.600830512786706 0.619179222835476 0.62733013756137 0.638242126672273 0.599894384244609
0.799376441299381 0.785249699145983 0.778753426000318 0.769835688793949 0.800079200924372
0.604809905455498 0.604454704140078 0.632428466405389 0.64339980070524 0.600889523172481
0.79636987528592 0.796639511098295 0.774618767446366 0.765530336729027 0.799332084268828
0.769992735063796 0.958058363199586 0.761287679975607 0.775524563535476 0.935589760918632
0.538088358779418 0.510649364289579 8.28075483448593 0.517496066920155 0.47619360518953
0.258715483966027 0.337476202593703 0.151080696954172 0.453973267263318 0.113179253724184
0.500764450333389 0.297567167347324 0.0726679142790454 0.367713758514747 0.0520191903199435
0.242874283530968 0.342723309042211 0.143818374469362 0.478371021095451 0.110750422540381
0.482101560519742 0.301648272986894 0.066475569909947 0.367978228538509 0.0507008040590537
0.0333791541797965 0.0225475111777047 0.0666108366380811 0.0327957245234887 0.0138818491479765
0.0303704708292773 0.0184469708442291 0.206431682345988 0.0289212065737968 0.0104074759130503
0.751769187400344 0.930694043172556 0.70334414756482 0.7195610628829 0.852027147959751
0.483783834373201 0.456912742904189 2.70584494324298 0.502902381765224 0.443664311068118
0.10564771433543 0.0896000312719285 0.0805022896972241 0.403649887923441 0.103752240269548
0.500764450333389 0.0654840275007107 0.0413520888341997 0.228326251869463 0.0480006720744191
0.106538472537719 0.107986907430477 0.0830084164466616 0.423925064762591 0.101534939123204
0.482101560519742 0.0693132849752398 0.0435368537723397 0.243668704138247 0.0454596495286012
0.024336288784736 0.0171784189582914 0.0162231596820061 0.025728697767994 0.0133767329009052
0.0184808092622696 0.0134405587023723 0.0132317054602428 0.0198214840728712 0.0100230209938502
0.95 0.84 0.995 0.505 1
1 1 0.305 1 1
