-0.642469918504609 -0.659619379629056 -0.600632687494653 -0.588673305807368 -0.682981734332405 -0.725476815412803 -0.626741900061742 -0.626445748479906 -0.639798454296756 -0.530630242566365
-0.766310905453316 -0.751599809751027 -0.799525093235322 -0.808371040444811 -0.73043545270496 -0.688246605729732 -0.779226918623194 -0.779465024367002 -0.768542736534204 -0.847603412967385
1 1 1 1 1 1 1 1 1 1
0.608447756764507 0.543772868451548 0.584194832214692 0.610780411417863 0.588411376946799 0.518911952206928 0.599180569653933 0.604169353167379 0.537802225166973 0.594753981777743
0.793593930979969 0.839232427600349 0.811613453568661 0.791800030959981 0.808561717792508 0.854827693665101 0.800613917534031 0.796855942246345 0.843071032953601 0.803907769062795
0.0568618736368981 0.0626120301901401 0.061251362058246 0.109414091979131 0.166848459051447 0.0696548335527232 0.0638884446036145 0.0619499150238789 0.0826004198599584 0.0978240202780764
0.0480143697922375 0.0637495208197866 0.0482390784216653 0.0912801446244865 0.247686349620059 0.0882608859578066 0.0504954379224057 0.0812081722465387 0.0479226981330905 0.0938464249142272
0.0317004549114923 0.122627418740796 0.0391138231799047 0.0323041485935464 0.0412125242093042 0.0515118409534773 0.0315118959220078 0.155948612093998 0.0346752418891889 0.0297990249682861
0.0232577252223806 0.0523575272588776 0.0289314852323623 0.0248735652888636 0.0301094259235471 0.0288923482404882 0.02375988674704 0.0358799697869563 0.0235321698260613 0.0221067383366536
0 0 0 0 0 0 0 0 0 0
0 0 0 0 0 0 0 0 0 0
0.0464677844752975 0.0387647084894062 0.0416043714016173 0.0421251162102631 0.0329949809588147 0.0333137691134458 0.0317655435180393 0.0439897477466352 0.0400487823888665 0.0332513591433581
0.0332451133820712 0.0289198963220531 0.0338628122305501 0.0289826556276762 0.0258923074436099 0.0231169129759976 0.0252777915468976 0.0333434047247235 0.0275028376244494 0.0269962002616349
-0.405119660201699 -0.631759218670926 -0.633868935645081 -0.616943482685618 -0.664440422641333 -0.631759218670926 -0.682856508975756 -0.638649583385347 -0.349011440554658 -0.721603479746162
-0.914263671441702 -0.775164685485801 -0.773440477622016 -0.787007458142387 -0.747341237160246 -0.775164685485801 -0.730552522512545 -0.769497699568831 -0.937118463355601 -0.692306592499472
1 1 1 1 1 1 1 1 1 1
0.602586823733039 0.61175131693557 0.588171865055056 0.619883062873345 0.568547312463327 0.641654773710169 0.514984641785156 0.585896150263411 0.617543769078765 0.606055046131115
0.79805333146559 0.791050141411779 0.808735962572245 0.784694200541052 0.822650565848422 0.766993579748196 0.857199404295999 0.810386143209837 0.7865365174434 0.795422705898576
0.11249274739124 0.0902968646028642 0.105153156721181 0.0865494110818155 0.0836846767744448 0.0570545041774469 0.0541971991760769 0.0535379029519865 0.130886955464835 0.0896334416844751
0.0602913773372554 0.0526126832630574 0.0952136954155785 0.0565900887614174 0.0872235093294831 0.042833681710083 0.0467623480688897 0.0455446407313039 0.0962545977351048 0.0824127664173699
0.038463225057934 0.042360115122504 0.0292939584949032 0.0335047847176541 0.0256967279162547 0.0308448894406081 0.193874688286227 0.0414470815823695 0.0409171615813368 0.0355923981688472
0.0289810661422647 0.0339238445889604 0.0205523364986364 0.0292205772334092 0.0179464424025297 0.0260026422822134 0.0642248058060078 0.0318571874133036 0.0345551773748239 0.0282103012946581
0 0 0 0 0 0 0 0 0 0
0 0 0 0 0 0 0 0 0 0
0.0332209762500844 0.0453104250115059 0.0446959155960793 0.0406875654692531 0.0379569546100254 0.0385608089356324 0.0352972042842218 0.0499556161441083 0.0315810536276946 0.035823383524129
0.024682351154897 0.0373615478893342 0.0361505483382877 0.0347609870387146 0.0314908843247559 0.0310914045558249 0.027520675878094 0.0428027993661462 0.0252093945089081 0.027473255283465
-0.722691309148526 -0.567271689160538 -0.496599406413272 -0.674733151946018 -0.555627932981618 -0.631759218670926 -0.661530693777336 -0.494635677296671 -0.630823418145864 -0.468158207536525
-0.691170942445636 -0.823530710220906 -0.867979855497802 -0.738061768190841 -0.831431055524495 -0.775164685485801 -0.749918089654115 -0.869100423855186 -0.775926423779193 -0.883644664283211
1 1 1 1 1 1 1 1 1 1
0.630455054681293 0.658486859555314 0.419345895402092 0.624522274997334 0.647486637214666 0.542108294903426 0.585661985170264 0.586143171506888 0.606399952391225 0.576874327705139
0.776225755838344 0.752592224111424 0.907826536299429 0.78100699614802 0.762076803628376 0.840308631751989 0.810555389301943 0.810207493482902 0.795159793840156 0.816832914392377
0.0897763202317641 0.113072545418307 0.0880954334993768 0.13261664128774 0.203543366799969 0.0804487559308954 0.163194196613032 0.0836920107867577 0.109610321101879 0.184405535759464
0.116979114701727 0.110698706107118 0.0770503561893528 0.188359633599772 0.13880286008734 0.0647389982657093 0.150634789984846 0.0428239982578551 0.105215225881063 0.0447554686106286
0.0365768565825171 0.04346878134381 0.14822422268779 0.0415672504092513 0.0260378960090667 0.0546019968716171 0.0372106079603856 0.0398807074737371 0.0438506658873899 0.337710591718131
0.0320709151794425 0.0473215083135236 0.0655248218116964 0.0355997904186812 0.0215632941213901 0.0299780256207202 0.0266698416756235 0.0301761198790506 0.0322870024851708 0.0892562970709706
0 0 0 0 0 0 0 0 0 0
0 0 0 0 0 0 0 0 0 0
0.032308100603981 0.0343179401669064 0.0341146698992966 0.0364188914030727 0.0400338249555612 0.0377144012332852 0.0471748161113041 0.0326291765182182 0.0469156583748315 0.0365519979471692
0.0256056398816292 0.0317931246599186 0.0277640637512798 0.0300990802165377 0.0300308888838207 0.0328657459172888 0.0356805751988827 0.0220800990383226 0.0389123679882188 0.0290818650288459
-0.747713488158057 -0.664440422641333 -0.744653676578274 -0.528150719826026 -0.721712878129988 -0.623139257837766 -0.64756028684512 -0.676887352185675 -0.676887352185675 -0.572997002099889
-0.664021490334847 -0.747341237160246 -0.667451048361196 -0.849150644554458 -0.692192546580307 -0.782110903479422 -0.762014222243303 -0.736086620209243 -0.736086620209243 -0.819557463259618
1 1 1 1 1 1 1 1 1 1
0.59953385799426 0.585976358227546 0.562599752461253 0.680233953153604 0.557362271137007 0.637386900776084 0.673002036018639 0.596486246223354 0.568656354092082 0.588174675732922
0.800349394401295 0.810328148097043 0.826729410708568 0.732995067498425 0.830269413330997 0.770543923938835 0.73964062862634 0.802623297734605 0.822575194709092 0.808733918434532
0.0969180314118019 0.106464552015559 0.194415470992919 0.0712268785648804 0.0683514661464149 0.080868711772594 0.152039029621488 0.184902284489655 0.107382385307684 0.132781268493061
0.18562564780507 0.145666349286017 0.240840630887551 0.0532934742227756 0.146329325226325 0.158778096714129 0.338291547688167 0.219059343799168 0.164528934707054 0.049627895918577
0.034782037962107 0.037071282034836 0.110343581525171 0.0427903387136319 0.0306486948310458 0.0494339006401245 0.0341562362038415 0.039331859203496 0.258590043264295 0.0252231945766381
0.0257317118695348 0.0273601741521969 0.0262583553754657 0.0354167651466265 0.021406561983643 0.0437087819159778 0.0303904923810373 0.0299115010190135 0.152407803638582 0.0183062780292907
0 0 0 0 0 0 0 0 0 0
0 0 0 0 0 0 0 0 0 0
0.0426242591525935 0.0411321924931902 0.0254183087988699 0.0366424240316709 0.0572543635542025 0.0446825886213005 0.0444461987293192 0.0373967053230762 0.0492714385864135 0.0351471040009029
0.0342235204604238 0.0288973293474366 0.0186796862785201 0.0300774640797249 0.0423873474626484 0.0418189147240503 0.0323070322345017 0.0295587756226227 0.0342487634057672 0.028784213350857
-0.64756028684512 -0.648891063545147 -0.702751474189651 -0.577939900286242 -0.636916060405749 -0.688225169627871 -0.484080821230304 -0.579869431387338 -0.669181729530816 -0.53531319583131
-0.762014222243303 -0.760881322974383 -0.711435426109968 -0.816079329267154 -0.770933156633713 -0.725497150849463 -0.875023290271176 -0.814709422151558 -0.74309879078232 -0.844653646395296
1 1 1 1 1 1 1 1 1 1
0.576369717402959 0.545640228400357 0.44413091694747 0.608640374398496 0.603505525506309 0.574162464443682 0.674779200354246 0.600683167343777 0.630004301549377 0.579207439831116
0.817189053316815 0.838019535065387 0.895961901316903 0.793446214088932 0.797358815517427 0.818741390442646 0.738019668280788 0.799487168421013 0.776591643033378 0.815180189678505
0.0543882158798114 0.0708893522989577 0.0719222429736326 0.0611648550111177 0.0705728315858366 0.151051440490437 0.0965057736781531 0.0532480779662319 0.0646036290428748 0.0663864440862291
0.0402978871178783 0.0959510379087984 0.115955614963016 0.0384831609046585 0.12273692844415 0.150001514510556 0.0816123883703269 0.0375195794210547 0.0684049664552086 0.043906205857329
0.0427402974134401 0.0315719706579344 0.123658808376586 0.0261388573406362 0.0226178551427185 0.0597440623876254 0.0411017681858432 0.0325064952357712 0.037241727515284 0.0390140253507824
0.0303085343609335 0.0218839590706358 0.0447412101950755 0.0207640290945877 0.0170437672379853 0.0432512115951766 0.0412133119958225 0.025700359285503 0.0313314970984873 0.0274975772025341
0 0 0 0 0 0 0 0 0 0
0 0 0 0 0 0 0 0 0 0
0.0226744219646303 0.0331236170692147 0.0416156170696423 0.0350554670426755 0.0367939201233384 0.0409100862676485 0.0508846622400822 0.0362569001801717 0.0369564388929202 0.0387127775788627
0.0197430225861799 0.02567418385759 0.030194696137031 0.028318722188258 0.0315141634201953 0.0382837532328381 0.0324876382161736 0.0295679291806872 0.0298900233996342 0.0322362485028159
-0.656235282629823 -0.6387697270707 -0.590428387728117 -0.499251724605238 -0.57955205218495 -0.5388954247252 -0.609632602483632 -0.626933697206643 -0.533806266421755 -0.622468824860675
-0.754556329131071 -0.769397969699702 -0.807090031511217 -0.866456989976246 -0.814935223688492 -0.842372673589455 -0.792684104791457 -0.779072614912634 -0.845606805748905 -0.782644594996075
1 1 1 1 1 1 1 1 1 1
0.597369325215706 0.593828548857819 0.625416344013502 0.682616295155579 0.503312257094228 0.628186473781139 0.601509438273944 0.568680579308671 0.605294356567305 0.593127495655049
0.80196626443469 0.804591607314803 0.780291225531074 0.730776979377479 0.864104607011624 0.778062821472931 0.798865693134562 0.822558446991552 0.796001722302013 0.805108547897717
0.105025611940896 0.0578397018441391 0.188305788500785 0.336026696886028 0.0613254689914695 0.0674509580409573 0.11469031878712 0.0615301798263591 0.0657903379123585 0.124076412565976
0.134003100772143 0.0430503412967273 0.204191303316654 0.146492444585309 0.0383590058892341 0.0525686318350687 0.137148867956255 0.0677250772395665 0.0372834346097499 0.165755369920587
0.0319727679094891 0.029859263793588 0.0425748742088463 0.0481500859479088 0.0421259624477565 0.04656871085234 0.0313121386470647 0.100405618603349 0.0530759203547469 0.0403838947434756
0.0225743838125285 0.0222931695911463 0.0347908588287127 0.0489225632879411 0.0253716963016869 0.0369225767464538 0.0226787337884127 0.044413864829448 0.0348928674068807 0.0275683993019563
0 0 0 0 0 0 0 0 0 0
0 0 0 0 0 0 0 0 0 0
0.0375092296163747 0.038682144098212 0.0307592172825293 0.041542157647985 0.042058583704053 0.0393553520454784 0.0423992831245724 0.049804986103767 0.0422464764040378 0.0424447097984248
0.0297848471635232 0.0261035821482297 0.0238266057942107 0.0320614573341807 0.0313207773430944 0.0323843278947421 0.0340458033685402 0.0350694081493073 0.0291510378444368 0.0319513918002163
-0.710179282540996 -0.518154629491303 -0.630270651558922 -0.588673305807368 -0.697318446476595 -0.716423873000653 -0.577939900286242 -0.591281924396801 -0.631759218670926 -0.714609949676156
-0.704020870890598 -0.85528695765616 -0.776375492776203 -0.808371040444811 -0.71676145557882 -0.697665273748626 -0.816079329267154 -0.806464931588235 -0.775164685485801 -0.699523137447105
1 1 1 1 1 1 1 1 1 1
0.603129120261708 0.627714906912924 0.675795993217025 0.609470130000521 0.604574600050303 0.555146918058808 0.536111272305944 0.594919959892687 0.56737156809124 0.595043067817529
0.797643569705378 0.778443315623752 0.737088716201663 0.792809031631923 0.79654852518476 0.831752306501045 0.844147323461078 0.803784947185056 0.823461901803409 0.803693814485531
0.0725450570441357 0.0711542531069135 0.119140136089423 0.0751816417273017 0.0933211291579791 0.162498441230753 0.0892162248575927 0.0758456156694994 0.0738251695097945 0.0746431691445816
0.101720273830335 0.0441575176376046 0.0747001762762846 0.0541530598683319 0.118652079391763 0.194393873399175 0.082414894946336 0.0520692334665002 0.0918736527009297 0.105121338302426
0.0317164192742606 0.0308448236563993 0.0555842847088776 0.0335144823570282 0.0451878560817612 0.0292474844518866 0.0456017913697754 0.0397454221304418 0.0294216195138219 0.0272122263380455
0.0234189547907086 0.0249063460805312 0.0530608887328246 0.0256267394157963 0.0340191036383136 0.0200384332687883 0.0306496629863 0.0305752306568869 0.0209842188581986 0.0205164188249747
0 0 0 0 0 0 0 0 0 0
0 0 0 0 0 0 0 0 0 0
0.0560747708418432 0.0384758539383243 0.0393237703208492 0.037325257365931 0.0403679380392774 0.0441028708324912 0.0467107734359344 0.0482936432290694 0.0413972446564027 0.034701628029674
0.0476003981385671 0.0302636845359586 0.0291587077854218 0.0277646561073321 0.0320457552650953 0.0296116288588998 0.0400069963748896 0.0300775139065968 0.0339553366756529 0.0338294131161957
-0.56945991480987 -0.631759218670926 -0.602318483986526 -0.606386046754382 -0.679803872315592 -0.639798454296756 -0.633376352776099 -0.544322434484816 -0.591281924396801 -0.587216293172185
-0.822019102834439 -0.775164685485801 -0.798255876175161 -0.795170398280515 -0.733393956332288 -0.768542736534204 -0.773843909160011 -0.838876085793679 -0.806464931588235 -0.809430061854091
1 1 1 1 1 1 1 1 1 1
0.57053155278579 0.572645916854035 0.608962632388467 0.630527031097644 0.573023834608909 0.579741679556894 0.526934961472944 0.580719252964342 0.609877983264108 0.583557854046611
0.82127568287137 0.819802814041524 0.793198910964021 0.776167290637264 0.819538702545585 0.814800334428351 0.849905610275345 0.814103893392321 0.792495328396139 0.812071567646912
0.10104813458193 0.0968976035062656 0.0816828351737942 0.0763416288981962 0.0702972813550984 0.142838214370541 0.0625389395960288 0.0627567861561792 0.15099042723902 0.0893869534633466
0.0665161539495422 0.0835762189545268 0.0954619206649066 0.0809828950588516 0.0623258781558907 0.221956692424112 0.0539973339776451 0.0401731851428023 0.169897968589885 0.105069657242261
0.0300583466951134 0.0510541305005124 0.0321234372147773 0.0357575121914961 0.0359685204684887 0.0276924816776293 0.0382975002798413 0.0269831614178281 0.0417140827590754 0.0307337370797163
0.0222735011094452 0.0393436164117222 0.0241513530543733 0.0274429940393971 0.0246460747133162 0.0205113742510506 0.0241528587131562 0.0196124230044183 0.0341180667420509 0.0224586814851905
0 0 0 0 0 0 0 0 0 0
0 0 0 0 0 0 0 0 0 0
0.0428262503586261 0.0425733895230199 0.0474010670410654 0.0392622210260891 0.0483449962676827 0.0529926310470234 0.0354986751386835 0.0476140494443242 0.0270784909460544 0.0433561856729495
0.0260562849683518 0.0275994818969819 0.0420100705698992 0.0319449349639068 0.0335734148136062 0.0377996056092704 0.0268836598241745 0.0345261615339201 0.0243664267664695 0.0390304100449219
-0.588000211413254 -0.556823846046121 -0.492241384865867 -0.578737396279404 -0.505506370763188 -0.597967408875044 -0.658819330646138 -0.5469113626846 -0.492052892332664 -0.597994937743989
-0.80886077379112 -0.830630606511947 -0.870458740564613 -0.815513964410013 -0.862822872389131 -0.801520416410752 -0.752301196042499 -0.837190516768121 -0.870565305503878 -0.801499877999094
1 1 1 1 1 1 1 1 1 1
0.614541294926964 0.59404925353853 0.611617847212409 0.684782254391145 0.60209314154131 0.540253411865687 0.646795405257003 0.580328194368095 0.559131079534864 0.598153817280653
0.788884653691204 0.804428669535289 0.791153340997343 0.728747736923402 0.79842585686394 0.841502377279758 0.762663558679992 0.814382702923795 0.829079269972526 0.801381314277157
0.0587751894266894 0.16213297213043 0.0736182707090232 0.08083092982883 0.0680333641475224 0.157582278831322 0.125062460566289 0.185293709503956 0.0900567286096204 0.142091353024627
0.040988245619064 0.196244793583622 0.045953630514845 0.0979818099514385 0.0364094661591095 0.116449820636876 0.053748309638089 0.0738228447080932 0.0564203454735762 0.109809212493469
0.0543010370612664 0.0390712602763861 0.0312223460583113 0.0579769642363481 0.0302059424790934 0.16399393474833 0.0292788640460084 0.0642010305599261 0.050118129223674 0.0367194135548776
0.0477049194963429 0.028909755552441 0.0248016334929206 0.0654119352047337 0.0230920214787879 0.0691884789620335 0.0239852234975409 0.0392368497128186 0.0351677055557513 0.0291602800669512
0 0 0 0 0 0 0 0 0 0
0 0 0 0 0 0 0 0 0 0
0.043376816432788 0.0592685933420882 0.0340513459953435 0.0347143203553332 0.0347110663201247 0.0391948705414645 0.0310045743525217 0.0573146710673065 0.0430056354496348 0.0378262806507784
0.0366611966361306 0.0476300441223788 0.0268577344458833 0.028313728772774 0.0273401173526683 0.0278115842540443 0.0265631356201991 0.0433427942702792 0.0346475944933257 0.0313080710786232
-0.376214107597507 -0.652114386877735 -0.506958147755009 -0.549470206676188 -0.544415699657721 -0.562385280018591 -0.593019610528238 -0.645976602142204 -0.555627932981618 -0.40104474301805
-0.926532754544928 -0.758120588314996 -0.861970670281078 -0.835513310471609 -0.838815561351954 -0.826875321205326 -0.805188016260138 -0.763357209623917 -0.831431055524495 -0.916058466527976
1 1 1 1 1 1 1 1 1 1
0.63467848097318 0.58298146205142 0.572096727485036 0.624685180305054 0.609666304831618 0.593954870104348 0.642393885020779 0.657326331023987 0.631940483023536 0.604263325105728
0.772776310318566 0.812485455195592 0.820186158381689 0.780876703140285 0.792658184057265 0.804498360644276 0.766374644992845 0.753606060579759 0.775016919761097 0.79678468480021
0.169924188727204 0.0822528927675428 0.086108765765292 0.068111445876967 0.0728271386382079 0.0661252291413038 0.0945099271928045 0.0837105103988146 0.182875807109345 0.0867394079516261
0.107005641808277 0.176527489256318 0.0434229511046557 0.0493494484365304 0.0545403755882509 0.0483148472445815 0.0618612133718483 0.0762570050180259 0.082338584106761 0.0353911267544852
0.0266134374561177 0.0378595188199438 0.0325385528594269 0.0325614621148308 0.0418513182656274 0.0220499668437591 0.0317406756790651 0.0334553971520123 0.0470892541545681 0.0453269706204748
0.0216911724829493 0.0289473486775427 0.0234212799010139 0.0265675665737389 0.0347661677229507 0.016269936830052 0.0268030180999654 0.0293538728503766 0.0377295273748442 0.0379044402637644
0 0 0 0 0 0 0 0 0 0
0 0 0 0 0 0 0 0 0 0
0.0382142703363122 0.0450294039019664 0.0473235907087454 0.0408124217519973 0.0440031180287243 0.0369105584266629 0.058240557903878 0.0407492670398909 0.0439226537884241 0.0469665387597182
0.0291835157006605 0.0347281542820995 0.0327486546710764 0.0325200542936705 0.0402769136750858 0.0288465450930086 0.0421372070548542 0.0309458435223956 0.0437400037447847 0.0393544124363896
-0.664440422641333 -0.504602659925598 -0.644819917974996 -0.39764230845064 -0.576335576235646 -0.597994937743989 -0.635505052493168 -0.682981734332405 -0.581793259958416 -0.520236292006774
-0.747341237160246 -0.86335169866979 -0.764334529759529 -0.91754051383579 -0.817213132276475 -0.801499877999094 -0.772096709134067 -0.73043545270496 -0.813336709282791 -0.854022365327186
1 1 1 1 1 1 1 1 1 1
0.603455379753013 0.608147708231187 0.59408899543652 0.57401995591137 0.603694690966704 0.566025045626637 0.593519453478859 0.631597095352304 0.606172063406993 0.404429439037942
0.79739676739196 0.793823887882668 0.804399319679739 0.818841309543863 0.797215604525285 0.824388044384053 0.804819643362509 0.775296787780352 0.7953335335222 0.914569203964061
0.0987508510350344 0.0955251500807876 0.102778226557557 0.158347045162922 0.121500204676194 0.107222527963329 0.129425622357861 0.102466451190008 0.106242628460598 0.120070260417381
0.103942399576135 0.0647518417705109 0.190825078484487 0.0544236191686352 0.0644820436864992 0.129726215226827 0.145274604808135 0.229786129350027 0.0704935356672957 0.124420882028141
0.0385975544888008 0.0490953765370697 0.0357224967772069 0.0439979221916018 0.027651076560534 0.0313462738421543 0.0430264534305787 0.0342359561431572 0.0364379112605516 0.176682445786893
0.0294311248113355 0.0377959126729477 0.0244753229201111 0.0304390350018743 0.020357394654919 0.0225694949493136 0.0354453080203492 0.0254553277801999 0.0243574594206021 0.0603786823411931
0 0 0 0 0 0 0 0 0 0
0 0 0 0 0 0 0 0 0 0
0.0339706686579309 0.0415253999479946 0.0227370795740327 0.0367278700783364 0.0339968574521443 0.0406448778115612 0.0369751269416756 0.0492133025541081 0.0379981701870297 0.0389135870511989
0.0295919171335476 0.0289883270686791 0.0154991737765258 0.0280811136272951 0.0235098975956971 0.0285270728449728 0.0298772901906166 0.0385164984934447 0.0325867077366034 0.0318884487250531
-0.661493247127068 -0.384415775612876 -0.565558316285986 -0.650240046560238 -0.56919308655641 -0.631759218670926 -0.549470206676188 -0.629647710102797 -0.702029222858706 -0.614188373512462
-0.749951121077426 -0.923160068168003 -0.824708306542235 -0.759728821257519 -0.822203886038243 -0.775164685485801 -0.835513310471609 -0.776880789543868 -0.712148137856445 -0.789159452735704
1 1 1 1 1 1 1 1 1 1
0.613220113360971 0.605706516492523 0.56918364641255 0.581822145795699 0.619322724028005 0.586212011118235 0.5924465678064 0.59067577605148 0.562676611863784 0.597765931643455
0.789912079012315 0.795688139837771 0.822210421155384 0.813316045988082 0.785136525390668 0.810157687133014 0.80560974689636 0.806908995851442 0.826677101691762 0.801670687356368
0.120042510968516 0.163547421614186 0.0797663286022395 0.154220751089119 0.0712879075330812 0.0881572847280092 0.1421041357372 0.0769879962784188 0.137873976022941 0.0923038500475879
0.099599015834414 0.0512504278073551 0.0541920955679518 0.0963313548875038 0.0472346617882179 0.0771402055082989 0.0536024980480935 0.110819538420512 0.114293897267793 0.0634908366627965
0.0348682748365508 0.0233270456736305 0.114921802105142 0.0275335970054561 0.0240108288094793 0.039172062549324 0.0486856558657739 0.0369430920059802 0.044651665699415 0.0375175622869952
0.0254049401762504 0.0177109902683112 0.138556440605671 0.01956807751583 0.018958812130784 0.0289359120139858 0.0338547605291027 0.0280745847952497 0.029396752912451 0.0315814236358118
0 0 0 0 0 0 0 0 0 0
0 0 0 0 0 0 0 0 0 0
0.0395917990161686 0.0512721572320532 0.0467018253855201 0.0322833080034365 0.0374557844834302 0.0395536575169501 0.0347384863851504 0.0386748689019335 0.0384680408272077 0.0487479128457078
0.0308780429163936 0.0362735217537845 0.0404674043746514 0.0212443728953187 0.0282137244197296 0.0358674394108959 0.0303119954193431 0.030109829399265 0.0268092907679989 0.0358544969031642
-0.639798454296756 -0.603144623660052 -0.524622387710401 -0.39449451777644 -0.675955951199747 -0.637527827546274 -0.555122065322535 -0.555627932981618 -0.577939900286242 -0.602318483986526
-0.768542736534204 -0.797631846750099 -0.851335039988979 -0.918898294396248 -0.736942027596232 -0.770427328892303 -0.831768893739146 -0.831431055524495 -0.816079329267154 -0.798255876175161
1 1 1 1 1 1 1 1 1 1
0.568522858019438 0.579484487961949 0.711428701890629 0.648655626507651 0.509411976699255 0.604542631293097 0.613286861337306 0.651113875243137 0.575034998471003 0.613728980004286
0.82266746617902 0.814983268669657 0.702758281435526 0.761082044328972 0.860522770178313 0.796572788230441 0.789860257077817 0.758980053404478 0.818128810477576 0.789516775694411
0.122967188386683 0.100113454069695 0.0791836962913409 0.124683692951067 0.0924882174779183 0.0806136015001203 0.083546983409251 0.159574103660946 0.0682896335400251 0.17387205727866
0.077865864470488 0.0895232165184478 0.0494858475534359 0.0618875148906118 0.0864581840170233 0.160913631943375 0.0483507518229487 0.165693182964702 0.09319589375492 0.189273957586341
0.0396981153519427 0.0337889750476102 0.0439142391419235 0.0489089934713467 0.0411998555986954 0.0312411288322442 0.020477265730148 0.0366973904692217 0.033997177665967 0.032490221393115
0.028206900269781 0.0233562120454026 0.0449121954774538 0.0412857875926125 0.0229676331569915 0.0224587281850056 0.0166842822143994 0.0291968451833291 0.02427310325389 0.0264378158961512
0 0 0 0 0 0 0 0 0 0
0 0 0 0 0 0 0 0 0 0
0.0391411889942047 0.0446102127854654 0.0436366739175532 0.0454088365844356 0.0414904987547308 0.0348591137465865 0.0341650785690712 0.0354331426216219 0.0419270350141721 0.0366070310091401
0.0301741639651742 0.0345934540614297 0.0341677342398322 0.0344009062612858 0.0298362438861047 0.0259356347333732 0.0288095715754037 0.0302203661108226 0.0317174039237416 0.0292219643715336
-0.639798454296756 -0.600686615670733 -0.462252225582528 -0.578737396279404 -0.730552522512544 -0.545048814108648 -0.622817790943675 -0.551168124724332 -0.588673305807368 -0.631759218670926
-0.768542736534204 -0.799484577558592 -0.88674848742132 -0.815513964410013 -0.682856508975758 -0.838404311915651 -0.782366921133582 -0.834394210363341 -0.808371040444811 -0.775164685485801
1 1 1 1 1 1 1 1 1 1
0.631012276682203 0.634089925479632 0.594773395781895 0.57850229337915 0.606723269893558 0.624290893173832 0.623523442296151 0.590199977478397 0.627991416582933 0.593983962619267
0.775772844766006 0.773259313817322 0.803893405664006 0.815680756518789 0.794913123410143 0.78119196149232 0.781804653930353 0.80725707589621 0.778220264898159 0.804476881054461
0.0829830399068108 0.1948237616215 0.109599747745972 0.0657304968361161 0.0482650062103546 0.0670434207758503 0.0749073427257779 0.0644599781042152 0.0645203983450113 0.0553422874533745
0.0671503543185385 0.160347842388448 0.0377895824488586 0.0484939767503372 0.0531308661115814 0.0415880372525144 0.0636093128961165 0.0465445330769584 0.0807802983315864 0.0446097920709575
0.0533250350537431 0.0266352936629983 0.0502685736247576 0.032599711761809 0.032025639447702 0.0332785524613082 0.0319919452213596 0.0379964613674932 0.0540205006878516 0.0407433146341367
0.0445227994717409 0.0214710265207174 0.0815394176874664 0.0230527430582091 0.0240290341573102 0.0257730653054631 0.0264392901007202 0.0294228170727014 0.0444598453570816 0.0308344686583108
0 0 0 0 0 0 0 0 0 0
0 0 0 0 0 0 0 0 0 0
0.0374763793849116 0.0322883776808871 0.0428048452126259 0.0457232775352638 0.0437350380344839 0.0424856196047188 0.0309633658051195 0.0398325004629593 0.0427662470635696 0.0466584126607455
0.0301799246894325 0.0258995929176987 0.0322917874245258 0.035310799186927 0.034405137554381 0.0365584362035599 0.0227854836196816 0.027465170700836 0.0382586606235025 0.0356945480901724
-0.555627932981618 -0.533815644968033 -0.642965636732973 -0.499878816248543 -0.555627932981618 -0.695168068596282 -0.554087380757432 -0.676887352185675 -0.5500003271989 -0.526789324769708
-0.831431055524495 -0.845600885280617 -0.765895025431399 -0.866095357951972 -0.831431055524495 -0.718847241355293 -0.832458512170648 -0.736086620209243 -0.835164438946668 -0.849995886642209
1 1 1 1 1 1 1 1 1 1
0.623976658768132 0.624735249207017 0.62183124892925 0.58829224037193 0.594750438849355 0.587299678853204 0.637352090059819 0.606892419323645 0.669836963116014 0.630565858355051
0.781442978925883 0.780836646423723 0.7831512611591 0.808648403150699 0.803910390210563 0.809369561584153 0.770572717721294 0.794783990381973 0.742508210623638 0.776135747325787
0.0915478135610914 0.126200926523668 0.0884923900291228 0.207191450166878 0.155318754687869 0.100082746622902 0.184832806322331 0.0644772777592591 0.256587521979943 0.116670123128146
0.059983589449987 0.140448662703692 0.187239418697985 0.245929404419718 0.101318209501435 0.186746148930162 0.0634710185020183 0.0833870817324151 0.0866669089992595 0.0616660473743189
0.034824543083733 0.03010576274814 0.0326069607155796 0.0329586697561745 0.0349514308549459 0.046377132199663 0.0291281530974836 0.0403518851116958 0.0456252349224129 0.0362579009560583
0.0266808101168115 0.0238388409677817 0.0277902746007764 0.0228578022759216 0.0256700510299486 0.0354766047264822 0.0260546705137973 0.03071989154146 0.039750111321818 0.0300602292214628
0 0 0 0 0 0 0 0 0 0
0 0 0 0 0 0 0 0 0 0
0.0403386163471267 0.0311560646860143 0.0379225074605024 0.0446055039599145 0.0497721669477228 0.0593145917211842 0.0297620429861597 0.0514429535758392 0.0406718140993877 0.0395411592801813
0.0319731864106673 0.0215842824423703 0.0296949905638396 0.0337909818600987 0.0401662724783039 0.0419310663450889 0.0251816899693659 0.0358510355462114 0.0305631948489537 0.0277486065995347
-0.643567998843688 -0.406411320399361 -0.653989465738395 -0.722824653919753 -0.675880514759116 -0.530468796095136 -0.631759218670926 -0.631759218670926 -0.707619318087163 -0.350037579745885
-0.76538894090804 -0.913690231233348 -0.756503654124162 -0.691031489648475 -0.737011214140567 -0.8477044628698 -0.775164685485801 -0.775164685485801 -0.706593872510835 -0.936735657891618
1 1 1 1 1 1 1 1 1 1
0.611609135461328 0.650449514961349 0.595237658130082 0.589241086689737 0.575921541017981 0.629218945717747 0.588427323741134 0.584087795628494 0.568995596824174 0.585153616872838
0.791160075724405 0.759549490478762 0.803549706206041 0.807957264808417 0.817504971600463 0.777228099305376 0.808550112655268 0.811690487191914 0.822340568617834 0.810922465258323
0.0853489325901831 0.103912627970667 0.0611007094795532 0.0996665343013298 0.0879715726289164 0.0756122254586207 0.0794296936956681 0.103790947422378 0.0786840691907868 0.0765122050177787
0.0456417440867272 0.0443432698815313 0.0478531960006102 0.209144400032157 0.0801190452227413 0.0436012666803317 0.101748458053278 0.102665893142837 0.0704511305052286 0.0308647014867124
0.0302881233507266 0.0379247271714947 0.0355589401040887 0.0582619811116689 0.0395292323004378 0.0303068148086794 0.0272186871690825 0.110040383083284 0.0500851338287495 0.0350567552954319
0.0237260526158022 0.0312010933655534 0.0294012316914316 0.0398203316374235 0.0271606887120136 0.0252567777695251 0.020046796368171 0.0375854421037213 0.032030417779911 0.0264535505178053
0 0 0 0 0 0 0 0 0 0
0 0 0 0 0 0 0 0 0 0
0.0351587803114165 0.0361777527250759 0.0378518387779214 0.044787266806956 0.0445261923928406 0.0487720737870414 0.0399534862061774 0.0482731179891147 0.0423181371685949 0.0442846412573324
0.0253581890536304 0.0319596655263195 0.0303239349777265 0.0400417900533298 0.0331339129613812 0.0379400315136296 0.0337887818109161 0.034381370453032 0.0409920738633038 0.0350044208788425
-0.592887513736891 -0.671355278977313 -0.471519832915401 -0.549470206676188 -0.631759218670926 -0.628076960673411 -0.676887352185675 -0.675691629104266 -0.670363668984603 -0.585351598347119
-0.805285288611985 -0.741135675426095 -0.881855457071867 -0.835513310471609 -0.775164685485801 -0.778151226607817 -0.736086620209243 -0.737184388303512 -0.742032715791899 -0.810779567029456
1 1 1 1 1 1 1 1 1 1
0.674877629908282 0.62411553674367 0.642340514785349 0.537400040309172 0.625397356487806 0.583712296478847 0.550145647592588 0.538260400317367 0.631993976298418 0.593734721799259
0.737929661044587 0.781332065638651 0.766419378059619 0.843327455189086 0.78030644396805 0.811960562428613 0.835068719588354 0.842778583882023 0.77497329884488 0.804660847891804
0.0716474825501991 0.0637400694503347 0.111363013747743 0.182100365327978 0.250830371322187 0.104925979079787 0.098666779793391 0.0776012531110926 0.0663902569428785 0.0696850649162925
0.0532041458410885 0.0814404642179618 0.0560281495289715 0.0830974408371454 0.166751635727718 0.116320632074988 0.182284874116966 0.108434894413131 0.0603381729280551 0.0567465499806062
0.0510124367240033 0.0271489658972815 0.041916860615067 0.241739081036999 0.0381654251872955 0.0357317670134702 0.036776820767292 0.0359592411379622 0.0371740443052335 0.0293814435943142
0.0465771349795545 0.0206852848490762 0.0363134903762858 0.100651097401774 0.0300981196387407 0.0269036848634955 0.0216188961729107 0.0227441493795297 0.029626512189594 0.0225407995962403
0 0 0 0 0 0 0 0 0 0
0 0 0 0 0 0 0 0 0 0
0.0263278544571496 0.0417228387524138 0.0385977362954702 0.0349812582483695 0.0366232817328151 0.0387443809048818 0.0360798949055239 0.033135288712544 0.0433863886678623 0.0391163090184697
0.0225226704160034 0.0300887633242552 0.0290773389264098 0.0247039699021311 0.0281267520812553 0.0314747967325535 0.0254790389743302 0.0221028294216017 0.0298927546040164 0.0285056868573732
-0.649978281003211 -0.589443452966976 -0.611428380156073 -0.682981734332405 -0.548874164726436 -0.588673305807368 -0.566933522439857 -0.64756028684512 -0.664021490334845 -0.593019610528238
-0.759952784207092 -0.807809640790681 -0.791299776279332 -0.73043545270496 -0.83590498939524 -0.808371040444811 -0.823763546859131 -0.762014222243303 -0.747713488158059 -0.805188016260138
1 1 1 1 1 1 1 1 1 1
0.662018030701343 0.607695230747484 0.587025020965208 0.591112373180976 0.655277246578879 0.593193763004598 0.608238559052051 0.635562224041685 0.554748522813773 0.627462861255119
0.749487909860003 0.794170325891595 0.809568789393957 0.806589215321129 0.755388463054608 0.805059724202152 0.793754278906441 0.772049648255336 0.832018074584884 0.778646490870882
0.0803327358571282 0.0765109555533977 0.0754618834843234 0.0530515285971241 0.0832076181976051 0.0972975268141198 0.0845713836403791 0.0795689197665816 0.11476252790465 0.152767011414079
0.11407942449197 0.0470988832101606 0.10380386213959 0.050692293035232 0.092446520289965 0.0732460624762736 0.066034326892187 0.109290891246088 0.159177973703003 0.146136831886036
0.0243852802954264 0.0283858094338554 0.0465989678337603 0.0376393701113124 0.0607182081498126 0.0406986706273556 0.0389303467462105 0.0334585135254875 0.0425795019324324 0.0364208188489128
0.0207478972368074 0.0215397386319414 0.0320894287758478 0.028908163175175 0.0548320879593061 0.0324105151988725 0.030537312801275 0.0270955746838749 0.0272718066873836 0.0298648358122096
0 0 0 0 0 0 0 0 0 0
0 0 0 0 0 0 0 0 0 0
0.0336504976399965 0.0438004049809245 0.0432111561049663 0.0436412382874241 0.0326959827557269 0.0328784913814298 0.039842885016378 0.0366169004872146 0.0467187939690708 0.0352037839877083
0.0281273329915499 0.0374559645095095 0.0349067182768167 0.0330333839847282 0.0255078039720289 0.0238400936425611 0.0307616950676648 0.0295030380535533 0.0391436017024882 0.0299979308286744
-0.572349219217787 -0.503205095972491 -0.580096520606686 -0.599058270350399 -0.512431386246977 -0.594151668453997 -0.56919308655641 -0.614205102114339 -0.578267520547668 -0.555627932981618
-0.82000998241533 -0.864167015910302 -0.814547743708137 -0.800705431931611 -0.858728172583735 -0.804353028758724 -0.822203886038243 -0.78914643288601 -0.815847212828268 -0.831431055524495
1 1 1 1 1 1 1 1 1 1
0.581996732964298 0.622790644068739 0.613070920333488 0.609230610727403 0.607495953284416 0.573596735167028 0.614342098134498 0.625413601842459 0.552184376461502 0.563691117087218
0.813191123180082 0.782388531140664 0.790027877129313 0.792993103975511 0.794322772393602 0.819137830530202 0.789039787627787 0.780293423418679 0.833722024653195 0.825985668469474
0.0674293392327331 0.0954134782794683 0.084343611299997 0.0717263975244976 0.207135431199201 0.217876692514376 0.0686433026854575 0.0490458234448153 0.10564810167666 0.0529372663521018
0.0857173548804272 0.0486756982169536 0.0614364260133789 0.0480633352644574 0.13329287771947 0.165854178112178 0.0472736169968384 0.0382374780033629 0.0754584624456681 0.0377934229391182
0.0289647861280156 0.0753273079726378 0.0466412758656047 0.0295161444052212 0.0313382817896127 0.0292111015343084 0.0295916695419827 0.043012171801862 0.0886810271347698 0.0738124748469123
0.0214796685151586 0.059620359916841 0.0304525880557005 0.0224634898315323 0.0242860524742621 0.0201594035626713 0.0227602127584347 0.0343637123203286 0.0553004379155428 0.0370068830260008
0 0 0 0 0 0 0 0 0 0
0 0 0 0 0 0 0 0 0 0
0.0369274052822009 0.0500289323901821 0.0462938205497253 0.0457548676601818 0.0324454624131382 0.0390108779575947 0.0309210341403021 0.0426037258063241 0.0404124706866736 0.0555114792796901
0.0245489696871493 0.0350737458930524 0.0341465123158888 0.0343444015769601 0.0251865668617191 0.0273261280259752 0.0233775273653771 0.0294953559196516 0.0358867462734781 0.0401379828628156
-0.607642547978929 -0.685648191583345 -0.626783656819414 -0.64756028684512 -0.570321141525085 -0.626783656819414 -0.607642547978929 -0.581770998801344 -0.705559725417744 -0.661831568031184
-0.794210635716795 -0.727933072046111 -0.779193331301085 -0.762014222243303 -0.821421813400109 -0.779193331301085 -0.794210635716795 -0.813352632597748 -0.708650459583876 -0.749652569899806
1 1 1 1 1 1 1 1 1 1
0.605209927434279 0.590931321397223 0.628503144647097 0.592105488002494 0.614418873971717 0.577891954578411 0.554208662597622 0.566867486041333 0.590959535230766 0.512317233448402
0.796065916702251 0.806721868670815 0.777807043661029 0.805860466257856 0.788980004377378 0.816113281863213 0.832377773791297 0.823808990767386 0.806701201015492 0.858796281030476
0.061155058906925 0.11313985824596 0.0915178716156236 0.061147232491616 0.133834371097558 0.0703909391859305 0.134670178075488 0.0640960611362814 0.0737393180949545 0.111068307758294
0.0439879443719399 0.0966672691218483 0.0870495926487835 0.121609671125084 0.0696770408710857 0.0477702562360147 0.0816274191950486 0.0694875680333298 0.0673368481951708 0.277520198849311
0.0510235634864198 0.0278459718267076 0.0309474997444791 0.0279705966155985 0.0378736448742462 0.0370373141253663 0.0341868974096653 0.0444870832885464 0.0510869079961144 0.0477086557372479
0.0349065045909858 0.0202432749165173 0.0252373614339966 0.0201795966465268 0.0287858275106588 0.0259546891891546 0.0233412577400485 0.031759474124427 0.0359694625552785 0.0308846629014295
0 0 0 0 0 0 0 0 0 0
0 0 0 0 0 0 0 0 0 0
0.0344856848751779 0.0375057376669022 0.045837261194562 0.0327436947677514 0.0288171785318562 0.0352698403478351 0.0501224043310629 0.0356280952289319 0.0418713542792028 0.0358206540763631
0.0289739945192023 0.026302058525839 0.0309327885412916 0.0248204675357577 0.0215115117853261 0.0243397858568651 0.0351693152561868 0.0255719576554358 0.033332025001 0.0285848870820233
-0.599109510458565 -0.531482158530908 -0.572006942706186 -0.607116971749536 -0.659268058670974 -0.499251724605238 -0.535749885374899 -0.555627932981618 -0.617352802519479 -0.549470206676188
-0.800667093415296 -0.847069486620387 -0.820248777808246 -0.794612473230614 -0.751907990924558 -0.866456989976246 -0.84437672890765 -0.831431055524495 -0.786686416065096 -0.835513310471609
1 1 1 1 1 1 1 1 1 1
0.531851056351799 0.60411753286642 0.568942643945834 0.599884639823408 0.62181072222703 0.61770960551685 0.600767696047815 0.581542808004043 0.62080406581949 0.604591845814587
0.846837914749614 0.796895229301437 0.822377205362554 0.800086507137785 0.78316755916183 0.78640628383312 0.799423652005243 0.813515803447464 0.783965759368348 0.796535435479496
0.10830539613171 0.0916417082980585 0.0598362137577274 0.0995871474180946 0.0672285010531602 0.106905287548854 0.0700524981501767 0.0632166060591915 0.123602462769399 0.0929316621956123
0.0878032444829031 0.0837251614928444 0.0449035321125817 0.0637686012069322 0.0928515913107996 0.0598513846160336 0.0470811581265946 0.0480272560518443 0.250254686300351 0.145883548808647
0.0457350403582904 0.0352292368050503 0.0246726827846551 0.0341925056957209 0.0323864821249147 0.0339549017499943 0.0325511058712417 0.0372941073084753 0.0290647631166394 0.0237453789360413
0.0309982639188825 0.0264542901588247 0.0180026778336063 0.024907352720695 0.0252126148781511 0.0274632234277811 0.0246593785569145 0.0279471362275536 0.0229593991371642 0.0173899634323789
0 0 0 0 0 0 0 0 0 0
0 0 0 0 0 0 0 0 0 0
0.0399211850603332 0.0405933318741448 0.0380481748638507 0.0476720245701723 0.0475241674863779 0.0404655605975144 0.0387862863209432 0.0475292200920501 0.0353179197776505 0.0372240390604564
0.0416074042719137 0.0428534532175988 0.027057355129841 0.0309739589155396 0.0345331511798935 0.0284302355711804 0.0268785598837726 0.0389378748459756 0.0283553648852727 0.0310407468645156
-0.559137240838449 -0.681258927753005 -0.531088632747501 -0.576939270541386 -0.594815227704989 -0.50088372434506 -0.560063005758803 -0.621596158738165 -0.65444802344188 -0.561938007509305
-0.829075114755934 -0.732042535210097 -0.847316271628481 -0.816787045751323 -0.803862453962282 -0.865514583751321 -0.828450016344025 -0.783337867999472 -0.756106992834358 -0.827179349184004
1 1 1 1 1 1 1 1 1 1
0.620923672770739 0.592817111814836 0.700160048100876 0.619581430230313 0.62827825031706 0.675852479281408 0.595138771834786 0.613906822276543 0.538720119644309 0.59957082891982
0.783871030586598 0.805337116951352 0.713985929163439 0.78493238645998 0.777988714685845 0.737036923260412 0.803622947817558 0.789378498289837 0.84248479671174 0.800321698511542
0.104944809103511 0.0628819411192886 0.148982155929771 0.0609313560651202 0.106252121236044 0.0672154805711231 0.111964487163975 0.0724062006999587 0.061589114017275 0.122486869267325
0.139682172571306 0.0565546532432698 0.123836543654331 0.0401547433165269 0.155976556638025 0.0400693857227651 0.179260563626921 0.0587246267164445 0.0906979844920556 0.114256199142322
0.0371133029037626 0.0263064412879484 0.0438805394970978 0.0216814919714051 0.0473755361962715 0.0812141232126479 0.0518505768380504 0.0416766596454894 0.0334287611273099 0.0304387048062616
0.0278900562016137 0.0192565906760908 0.0451734563724739 0.0168550013698319 0.0393161795931973 0.0797366092453845 0.0350547998992202 0.033646930604536 0.0234284764339413 0.0227364021696986
0 0 0 0 0 0 0 0 0 0
0 0 0 0 0 0 0 0 0 0
0.0401977858349916 0.0334782019214897 0.0425210389336438 0.038573613344556 0.0381502448295789 0.0465012046229238 0.0352494777637981 0.044078389533981 0.0458786702387494 0.0493971200439254
0.026755808232259 0.0264709071228926 0.0357811118951214 0.0292908336891383 0.0303561012465032 0.0289710470041637 0.0267632743446459 0.0393113174475219 0.0389180476304224 0.0400106069671228
-0.7106639603675 -0.589167260986128 -0.561739331989868 -0.548839903889464 -0.50743939058078 -0.463866617019775 -0.471519832915401 -0.650982648701753 -0.652216235343804 -0.747341237160244
-0.703531616513985 -0.808011100531487 -0.827314283024038 -0.835927484832628 -0.861687451972585 -0.885905052257086 -0.881855457071867 -0.759092610350838 -0.758032969173476 -0.664440422641335
1 1 1 1 1 1 1 1 1 1
0.552410183304794 0.562906807826965 0.595287546433748 0.578111003986872 0.595440906767777 0.666289140696518 0.577482937415047 0.585561961621215 0.638097391950175 0.63931240302433
0.833572425996184 0.826520372224458 0.803512748536629 0.815958128257382 0.803399107883228 0.745693489974195 0.816402754156605 0.810627651330939 0.769955660013214 0.768947105683647
0.076597898750145 0.0601603683962488 0.0699848064360369 0.239076220244242 0.0783391590437668 0.0681211659827477 0.0933804412122338 0.0615727662629016 0.0738704545294037 0.130918511738946
0.165503868167143 0.0415238517034536 0.0463143819542117 0.257871230060483 0.0951255590204891 0.0359402136470568 0.0976662032131014 0.117115791225127 0.104459338228864 0.276356127954136
0.02949836616281 0.0287264693493852 0.0373904451088257 0.0573593551022744 0.031672548888621 0.0494790451434203 0.0518880362530341 0.0317172307927287 0.0863172085445925 0.0501491675063956
0.0196061149726108 0.02015762539155 0.0281310994926072 0.0390327836011515 0.0240180184415293 0.0466562473626478 0.0343484224199781 0.0226206354587621 0.0962441800870504 0.0398089423466907
0 0 0 0 0 0 0 0 0 0
0 0 0 0 0 0 0 0 0 0
0.0459308165805924 0.042105651538445 0.0383360005061879 0.0386560073814721 0.0361916331682863 0.0423836981268189 0.0401804482820189 0.0412462254411404 0.0314426534272102 0.0306854051021127
0.0310595366125716 0.0357683342538697 0.0307126769747248 0.0315174710069403 0.0307231188607729 0.0314497477723622 0.034483920538467 0.0329275005035782 0.0256962741579546 0.0239042480880034
-0.664440422641333 -0.530190489373926 -0.565408021593479 -0.579796175719801 -0.58536433112462 -0.667424996602915 -0.612594686987208 -0.691586198346266 -0.640678011892364 -0.624583220741028
-0.747341237160246 -0.847878555559366 -0.82481135365473 -0.814761556911403 -0.810770374302753 -0.744677026575682 -0.790397209936273 -0.72229393619008 -0.767809667220755 -0.780958257763348
1 1 1 1 1 1 1 1 1 1
0.548663400010212 0.63674522368927 0.584686438714627 0.570376568671671 0.607555960526592 0.596275370418281 0.539425279947261 0.54374260765643 0.598565364636692 0.554617272393957
0.836043344264659 0.771074263679512 0.81125937183074 0.821383327022366 0.79427687542104 0.802779971494395 0.842033471635077 0.839252034027315 0.801073969279582 0.832105570923719
0.0983880146032305 0.0937538637511837 0.0587474705101624 0.0672154496300948 0.0563376842890381 0.095446673735885 0.14094305681522 0.0764438716066104 0.090173019117444 0.111623530933261
0.132218867313622 0.0782079343563214 0.0434119806198505 0.0809608686008331 0.0397557705814767 0.221702783741696 0.189264960507683 0.105222370016361 0.103187989775211 0.112831711168217
0.0543345373183537 0.0321476411845194 0.0722206424745007 0.0500417276094303 0.0326329437889665 0.0281552797921209 0.0347885618011162 0.038413984527352 0.0247614534098585 0.0507333022868377
0.0357928616087772 0.0265590486854929 0.123958480239277 0.031382407954109 0.0248516963051403 0.0201900639214243 0.0225537849263338 0.0243590243889214 0.0185366317915049 0.0299025251657604
0 0 0 0 0 0 0 0 0 0
0 0 0 0 0 0 0 0 0 0
0.0570682139804798 0.0328284121053317 0.0421570981258734 0.0462746145559602 0.0330527802416173 0.0350431034777417 0.046621473338504 0.0384753123529721 0.0356188777686346 0.034144815762256
0.0379344055218148 0.0290322660434552 0.0375004045738485 0.0409379854405539 0.0262934748546057 0.028771374517099 0.0314525482004245 0.0280877618088203 0.028244217814283 0.0249780057416941
-0.659342802111145 -0.588000211413254 -0.555627932981618 -0.600540400551242 -0.590428387728117 -0.496242604325595 -0.630194677096438 -0.580096520606686 -0.710283006808652 -0.620083461410187
-0.751842449788666 -0.80886077379112 -0.831431055524495 -0.799594414253723 -0.807090031511217 -0.868183896217933 -0.776437163561428 -0.814547743708137 -0.703916223878141 -0.784535850605669
1 1 1 1 1 1 1 1 1 1
0.602691623502092 0.640948560069527 0.624100509823759 0.662134048107592 0.613336079122132 0.625640520593687 0.584018189007887 0.633934975035577 0.627741538397787 0.620691990763955
0.797974189407409 0.7675838347339 0.781344068664839 0.74938541641578 0.789822039479204 0.780111491385212 0.811740571185122 0.773386350685505 0.778421839987792 0.784054495938566
0.0569299607747141 0.0467483523040958 0.104310665272404 0.0914091700161044 0.112426417310572 0.0828462140014794 0.0600106526615567 0.0613878176777847 0.175966082174785 0.0907806707388454
0.0524211692700157 0.0340102484342913 0.0950583887280014 0.0665387597396788 0.1299795504734 0.0546347377560521 0.0483091960480165 0.0424248254458566 0.260765904693581 0.105397512004458
0.0398916781696083 0.0571254535744961 0.0478731062988586 0.0738971275484663 0.0390530810909334 0.0328327211117618 0.0346656591280925 0.0346140600747076 0.0282206553822286 0.030704021409643
0.0273271484789356 0.0459504082758992 0.0481472225390955 0.144954982524189 0.0289976748773975 0.0250275294494563 0.0242053216006824 0.0276094922816759 0.0234947318570855 0.0245278459346573
0 0 0 0 0 0 0 0 0 0
0 0 0 0 0 0 0 0 0 0
0.0377233186231812 0.0323683048203394 0.0391443527955631 0.041394290318471 0.0317860485745955 0.0515263827210267 0.0372401604476335 0.0344163603797297 0.0445375191740001 0.0418031178392669
0.0266279362103368 0.0284869134976938 0.0328754659753322 0.0332479462931969 0.0253608987646122 0.0479259032242474 0.0277481944479121 0.0317941343074053 0.0374521846770294 0.0332655192323759
-0.645976602142204 -0.630203587481377 -0.577939900286242 -0.688618669336203 -0.556366625256638 -0.574722918974425 -0.682981734332405 -0.626933697206643 -0.596734615893499 -0.524702761508283
-0.763357209623917 -0.776429931368956 -0.816079329267154 -0.725123664102639 -0.830936927991854 -0.8183480716697 -0.73043545270496 -0.779072614912634 -0.802438656966648 -0.851285505612296
1 1 1 1 1 1 1 1 1 1
0.590519832596618 0.62430149748591 0.648723040032359 0.515893298557647 0.652274014380824 0.612964906896348 0.662416728160268 0.583409520610362 0.57435758260008 0.592213348635832
0.807023126874355 0.781183486920231 0.761024583920371 0.856652849468973 0.757983251901732 0.790110133407711 0.749135553991029 0.812178140103012 0.818604524364355 0.805781204606769
0.0900169504150065 0.0898608832250366 0.121241585797392 0.0679926746427817 0.130315717223607 0.0993901598735444 0.0903501529490532 0.0861925910316232 0.0691201866718302 0.0958420802401667
0.0993816291205305 0.0825894220919897 0.080720087867816 0.0865967036958109 0.0593240551552699 0.0727480769561554 0.170596255128708 0.131477983537637 0.0917534223992809 0.130598065726394
0.0363339714672224 0.0275841661905451 0.064817836884108 0.0464548339217888 0.0354395559730438 0.0324950219428727 0.0536716961116958 0.0345691438530832 0.0361530114337511 0.0585076511741679
0.0263622130285122 0.0225320374252996 0.0581843297351959 0.0290286693587632 0.0293133194217766 0.0229815774558826 0.0457749623032104 0.0250568260859044 0.0270322694958843 0.0421899554655934
0 0 0 0 0 0 0 0 0 0
0 0 0 0 0 0 0 0 0 0
0.0298039493507973 0.0421835218627795 0.0345698073674104 0.0345044665862899 0.0367516501344376 0.0392438425573895 0.0426142254789419 0.0377511536126083 0.0438453733891076 0.0441729476980674
0.0246606280062621 0.0348336428912043 0.0299330670651539 0.028300280358853 0.0290768605431685 0.0305416294819581 0.0334652634047649 0.0292025728291188 0.0399232509117449 0.0403178667920761
-0.675955951199747 -0.631759218670926 -0.470710718391271 -0.596886009766592 -0.555627932981618 -0.616044816616977 -0.519524795293937 -0.549617047706493 -0.555122065322535 -0.721559588968228
-0.736942027596232 -0.775164685485801 -0.882287605937867 -0.80232605052118 -0.831431055524495 -0.787711104351941 -0.854455374536783 -0.8354167228817 -0.831768893739146 -0.692352337735637
1 1 1 1 1 1 1 1 1 1
0.59449257971878 0.607376613084837 0.577544001207527 0.59924292588827 0.641959470155308 0.613954732690668 0.622073168852292 0.601120172437974 0.516402201159503 0.588626482494896
0.804101096044092 0.794414029255269 0.816359557222919 0.800567246252846 0.766738572577327 0.789341235592523 0.782959112977216 0.799158644005144 0.856346172197681 0.808405136120303
0.100259629804475 0.104085247474204 0.082992743680767 0.109375759414678 0.0761644334457144 0.0906573461543534 0.16015112956413 0.0645193385728011 0.186386374812538 0.0965812194487413
0.0894012210932584 0.147338488951122 0.032671615878949 0.113817515766529 0.0722586734880527 0.0627226497762581 0.136750945008024 0.0443285385524609 0.216149661585294 0.195335786867532
0.0360377539684067 0.0290214174716695 0.0375308530147304 0.0407077632742171 0.0327034984875048 0.0388886105132044 0.0858900289564334 0.0283843599505182 0.608456963411698 0.0548339288852807
0.0275076409332926 0.02189359200119 0.0269682887389934 0.0308395864989048 0.0265839843763119 0.0252991377164667 0.0881921066153673 0.0210588155937252 0.252844685927945 0.03506555805032
0 0 0 0 0 0 0 0 0 0
0 0 0 0 0 0 0 0 0 0
0.0395984841034648 0.0323161072648725 0.0357574510059031 0.0381023066978343 0.0490745729381173 0.0409521102864503 0.0426589357781553 0.0302809871034297 0.0440300583646862 0.0390540694813576
0.0306139902779262 0.0239225872433934 0.030025605048211 0.0300369232885008 0.0438706414576307 0.0331783474222899 0.0305234224460138 0.025053194267008 0.041032293753554 0.0328301383133534
-0.541737281852505 -0.580096520606686 -0.555122065322535 -0.631759218670926 -0.597994937743989 -0.691516728898197 -0.694370738561448 -0.567872355298289 -0.671176485420088 -0.61065052178895
-0.840547867435912 -0.814547743708137 -0.831768893739146 -0.775164685485801 -0.801499877999094 -0.722360445798313 -0.719617452143588 -0.823116630914461 -0.741297595719248 -0.791900208510443
1 1 1 1 1 1 1 1 1 1
0.571963846982126 0.631235248773958 0.560825888652401 0.618673951775197 0.609554897733054 0.585872103693163 0.556990231153025 0.562271413371347 0.596877718273086 0.579252691442809
0.820278829268077 0.77559142640006 0.827933767047367 0.785647848208637 0.792743859420964 0.810403527950211 0.830519043971961 0.826952754215976 0.802332218865174 0.815148035301725
0.072194056164676 0.101595669663754 0.172283175133244 0.132564202024021 0.0645647978889713 0.12627537163457 0.0812727190668713 0.070231803000924 0.0570572124726218 0.080689330912601
0.0490516677002011 0.0942510033106728 0.0692006556432362 0.148439491169338 0.0778643590583383 0.3514265665857 0.0970927743601271 0.0480245029998844 0.0513401031924389 0.0743286955345443
0.11440114250988 0.0327243962246919 0.04483329444417 0.0528678391441955 0.0301583826032559 0.0256492872220738 0.0497579045524203 0.0298629277667242 0.0342638242822239 0.0439525429771513
0.0412581683603198 0.0284781998587992 0.0301255423127472 0.0490803013187816 0.0219478627530171 0.0188081444874522 0.0329586504422989 0.0209544331074402 0.0259605949609777 0.0304634703784332
0 0 0 0 0 0 0 0 0 0
0 0 0 0 0 0 0 0 0 0
0.0433637754621027 0.0451343158491314 0.0381162220491311 0.0379440205426942 0.0400192137687391 0.0351689311263529 0.0341669327022595 0.0307986119904703 0.0366453304402483 0.0524503460157288
0.0356384366722729 0.0383296834458286 0.0329562187299511 0.028976169583849 0.0303585242065117 0.0254817268886511 0.029707700087535 0.0218245632334433 0.0259256995547512 0.0392088558914733
-0.629655948850121 -0.582176676837362 -0.588737160390391 -0.557753111020285 -0.533304053776305 -0.432952852044527 -0.566662769256771 -0.570625397381032 -0.626827746268238 -0.787824410986036
-0.77687411211705 -0.813062308157626 -0.80832453629434 -0.83000690789125 -0.84592362907402 -0.901416567357462 -0.823949820036541 -0.821210482071277 -0.779157863663251 -0.615899908633298
1 1 1 1 1 1 1 1 1 1
0.477519412834127 0.620307586845696 0.55423527452063 0.604158760412542 0.62585493757246 0.62243104255826 0.56870511790876 0.611850148160027 0.614510435743572 0.602149471025635
0.878621198450476 0.784358653743088 0.832360054589984 0.796863973471496 0.779939482983245 0.782674643296842 0.822541481546301 0.790973701330552 0.788908692031115 0.798383375668324
0.0665382284167082 0.0570572507257646 0.0986294033044353 0.125384508880702 0.0666785655696827 0.138382105862989 0.0990399033220974 0.0629288345542849 0.0754264663412794 0.109526835274501
0.0562699606756974 0.0437293395565766 0.171906413001336 0.0582610410626457 0.0380258771627585 0.056265105528075 0.0649195638168372 0.0752195478332022 0.0633040476580317 0.227756867496078
0.128577816909306 0.0382949623200262 0.0267268691797555 0.0416843419533631 0.047463215746099 0.0326289204406073 0.0406187552917146 0.0235485150590494 0.0338271264976843 0.0345232401023375
0.056142687750327 0.0298437525047356 0.0176722174876624 0.0337822089522955 0.0353421387328899 0.0272303237076937 0.0299571552735562 0.0189191965229217 0.0265642950035631 0.025154532693119
0 0 0 0 0 0 0 0 0 0
0 0 0 0 0 0 0 0 0 0
0.0442832153926286 0.0390226460565402 0.0473798688560064 0.0450779153078663 0.0344883401240326 0.0500446738353697 0.0381232988103057 0.0426305812474968 0.0305925152506407 0.0414328566776795
0.0315632438179547 0.0337472916324252 0.0302795036703279 0.0382968968241443 0.0271273246061874 0.0322907814919946 0.0325251898731785 0.0287877856014688 0.0227719014541788 0.0371778406286674
-0.606724198386364 -0.628252114230327 -0.607369940882858 -0.602556383719293 -0.622046402554506 -0.577939900286242 -0.541550516321666 -0.610572932527303 -0.596894922993916 -0.558529060278622
-0.794912414730342 -0.778009820609691 -0.794419130504769 -0.79807631492178 -0.782980378469982 -0.816079329267154 -0.840668209385687 -0.791960033123522 -0.802319419498299 -0.829484953946893
1 1 1 1 1 1 1 1 1 1
0.540345229227603 0.614584615819135 0.613904444204927 0.54692904936311 0.607394493995224 0.58282522015111 0.659426510671196 0.636473386530003 0.62719655754072 0.591546045197774
0.841443422489575 0.78885090479662 0.789380347731966 0.837178962326911 0.794400357920543 0.812597540456412 0.751769031700569 0.771298663449529 0.77886101340937 0.806271217650037
0.073732767813053 0.163564020217457 0.14709589723217 0.0625598707733241 0.0767476191470153 0.108178731760751 0.0884460995289536 0.0675946991162393 0.0625253381012364 0.241958020367981
0.120375164702935 0.145435474173999 0.108167802265449 0.0435407975680722 0.0629188181590336 0.0809310916781241 0.0515106450155022 0.0565281210228958 0.0827004000080381 0.197537719874668
0.0572032638801863 0.021034865350555 0.0341033115271601 0.0397498382180259 0.0378654474192819 0.0291380168229174 0.049894271351276 0.0389651736221981 0.0320411497687675 0.0293565992052293
0.0353920198094289 0.0158139191806719 0.0270203136144193 0.0280112292177971 0.0288553617809329 0.0213580511040983 0.0479794977961904 0.0303927500751064 0.0261769640219056 0.022481533279436
0 0 0 0 0 0 0 0 0 0
0 0 0 0 0 0 0 0 0 0
0.0314809678429565 0.0260645611948048 0.0394666107601268 0.0513891979265662 0.0354965109604113 0.0338095635969156 0.0408845863200633 0.0333499522403652 0.0448870397487009 0.0405191691818112
0.025923587553892 0.0209707642314883 0.024249973701483 0.0413920036619213 0.0267741036834979 0.0271495392113696 0.0335271916315499 0.0262778251396009 0.0390874403452022 0.0291323440277053
-0.664440422641333 -0.555627932981618 -0.504438953847228 -0.533815644968033 -0.372385201188669 -0.588000211413254 -0.650025021822705 -0.538746186590413 -0.555627932981618 -0.51965848290814
-0.747341237160246 -0.831431055524495 -0.863447359044843 -0.845600885280617 -0.928078262828989 -0.80886077379112 -0.759912804869343 -0.842468127844779 -0.831431055524495 -0.854374075649308
1 1 1 1 1 1 1 1 1 1
0.634534848009297 0.655419339279549 0.661239003888721 0.631134441291026 0.622943392253554 0.402696813196067 0.569986328393517 0.639331268589946 0.614868240801194 0.625076010400386
0.772894253220852 0.755265178396542 0.750175299337596 0.775673460301604 0.782266917393056 0.91533342375428 0.821654176308061 0.768931420221056 0.788629853894744 0.780563886701106
0.091999470616662 0.078466046890076 0.0992407549354526 0.0569321678342551 0.0749670594237258 0.11468181571721 0.0670753080258486 0.0952062958992299 0.130857678432964 0.10053875676665
0.109531701853969 0.0505788998656576 0.0482259824306158 0.0392678261503608 0.0354459625080957 0.0508236345362904 0.0520457123531883 0.0928255898077302 0.0560934071325968 0.0503269539442023
0.0362906263746023 0.0355893908539522 0.0325511918788819 0.0253721271282559 0.0290226721008037 0.325727844236767 0.0499389293737744 0.0448687646200591 0.0397608483262044 0.0284990579830846
0.0282427394593362 0.0310401891120344 0.0296562218938781 0.0198382250080151 0.0227830663144972 0.0670472437620178 0.0341963575133608 0.0394899483685375 0.032114961998569 0.0217979439978743
0 0 0 0 0 0 0 0 0 0
0 0 0 0 0 0 0 0 0 0
0.0342850010726601 0.0489585572819579 0.0427992189049885 0.035633373277806 0.0374800635193239 0.0324411773589055 0.0376299510162816 0.0476599332001432 0.0424668404039145 0.0285546699299031
0.0275969334498215 0.0396286396259962 0.041625981112691 0.0234764275828333 0.0287326744493539 0.0210030571026246 0.0301012974963001 0.0323579460032649 0.0323560745223407 0.0209367982477629
-0.566319683306808 -0.620027259605167 -0.506361768709597 -0.555627932981618 -0.404821883572838 -0.611447514059403 -0.598007805142656 -0.575888248546339 -0.573734745431865 -0.648891063545147
-0.824185668584013 -0.784580268262277 -0.862321146203251 -0.831431055524495 -0.914395561330292 -0.791284991359356 -0.801490277538326 -0.817528424696187 -0.819041172276604 -0.760881322974383
1 1 1 1 1 1 1 1 1 1
0.59551849074113 0.600275240126356 0.597321080596095 0.606335116145313 0.573730058762715 0.591858460938266 0.609960565823171 0.625014517457622 0.551147735040787 0.5964616893185
0.803341600556953 0.799793495904565 0.802002198672493 0.795209234685469 0.819044455247779 0.806041910954875 0.792431768760363 0.780613126309836 0.834407678631621 0.802641547127559
0.106351333716102 0.0517323868826577 0.12341191767112 0.0806326313429972 0.128223778913012 0.143206973710112 0.0800311404303606 0.0946422490719335 0.0638826664643983 0.0781315429362586
0.092550347814682 0.0431107927155742 0.0943617687286644 0.0833893730230071 0.0572120392921801 0.343004635103678 0.101157991800421 0.0927701344082263 0.0915272196181466 0.0660602977294698
0.0288677469156433 0.0314499611137297 0.0307523793752388 0.0403708735735548 0.0746669310405843 0.0296853215778892 0.0647546129147253 0.0370493200816199 0.0400247832405113 0.0304680979970127
0.0217508859800943 0.0229833237880741 0.0236028451801598 0.0317239428964943 0.044777602465208 0.022532532250156 0.0541576919751049 0.0313400102099087 0.0277667081157107 0.0230380576298711
0 0 0 0 0 0 0 0 0 0
0 0 0 0 0 0 0 0 0 0
0.0370937817239755 0.0388472267444772 0.0317066885294788 0.0405805950780919 0.04875675729132 0.042979447017606 0.0510120741721121 0.0322370768679976 0.0376047702864743 0.0422134901796608
0.0289339772935931 0.0299229068754798 0.0258566199276486 0.0339257671432411 0.0357048682742947 0.0346142577564654 0.0411692872329391 0.025598498861695 0.0327629143069062 0.037883380438441
-0.682856508975756 -0.628219531647599 -0.56742778417109 -0.483340355506478 -0.468384641615982 -0.648596094402437 -0.569036655755969 -0.512268307619476 -0.557969457062966 -0.598334779049206
-0.730552522512545 -0.778036130302746 -0.823423165663128 -0.875432522093434 -0.88352466151108 -0.76113277838095 -0.822312157520526 -0.858825465975875 -0.829861485420825 -0.801246211959931
1 1 1 1 1 1 1 1 1 1
0.552098655518602 0.585938850197069 0.616654259922303 0.552411461924971 0.621134566100157 0.580653465473401 0.594455051494733 0.604615404041208 0.590114913128036 0.610589429546669
0.833778792351156 0.810355270131402 0.787234097152605 0.833571578650518 0.783703930573 0.814150817130174 0.804128840269017 0.796517553601982 0.807319261075747 0.791947314236164
0.0727573296418167 0.0916589254179667 0.13047544633529 0.0835831979398221 0.106706579873198 0.13306899152127 0.133844270960458 0.148475572731388 0.0675108235026661 0.086862504970339
0.0621786359690921 0.134827897100413 0.143148100625839 0.0329482436437143 0.0481864054597256 0.160835574923427 0.21888822620584 0.0490783351254341 0.0423958200802156 0.0986844100254331
0.0841783811237962 0.0476728007099089 0.0391180588261871 0.0341879017297705 0.0444056455622866 0.0435332074961088 0.027762675230044 0.0421120344019197 0.0490417131941382 0.0373551727587769
0.044019504187091 0.0345087455772862 0.030745406598516 0.0225942160679203 0.0331384674971562 0.030865679785859 0.020278333537842 0.0312982631617046 0.0347432514520884 0.0296657163475214
0 0 0 0 0 0 0 0 0 0
0 0 0 0 0 0 0 0 0 0
0.0392045433873311 0.0342943548134912 0.0444168592244419 0.0403744650839521 0.0516243613467978 0.037035436968483 0.0456233338358713 0.0345976762403687 0.0346652749938557 0.0375623348985511
0.0325260205934446 0.0283466483880435 0.0324257698201471 0.0330720734466913 0.0396079798423579 0.0282081362157918 0.029743992371842 0.0263357828308122 0.0242583339930821 0.0286333734820473
-0.654599784068989 -0.554087380757432 -0.593514576009919 -0.555627932981618 -0.546487053793024 -0.507514836722439 -0.551839741869431 -0.591486166117626 -0.758732418566763 -0.631759218670926
-0.75597560985579 -0.832458512170648 -0.804823240260721 -0.831431055524495 -0.837467551632074 -0.861643018022311 -0.83395017794439 -0.806315146385997 -0.651402423249892 -0.775164685485801
1 1 1 1 1 1 1 1 1 1
0.581223101696608 0.578550814569456 0.589922479327514 0.543450283169417 0.572126794576519 0.636311109540229 0.608860848556424 0.622765764782748 0.577691852395123 0.530541953425541
0.813744251011443 0.81564634184248 0.807459886547981 0.839441355737898 0.820165185147235 0.771432545253104 0.793277043090969 0.782408334704174 0.816254937918474 0.847658678747178
0.0636261886940575 0.181769738754871 0.0955321724013238 0.0971880927707032 0.0945194780668448 0.120720051767187 0.0582077514470237 0.0795829733202524 0.101073419613545 0.10005245010617
0.0575702103785609 0.160084991896637 0.0773708936322993 0.089547660570847 0.139250700043828 0.0652509111889161 0.0379502420812156 0.0583081398336998 0.161640736378421 0.134092684995514
0.0233519074081647 0.115486647734114 0.0414066347027803 0.0364188339973932 0.0532878350327809 0.0548861049097733 0.0287720985357177 0.0306522438528321 0.0342027890083831 0.029925543585443
0.0161830947553954 0.105812946403381 0.0311570142235767 0.0237789502022771 0.0339393533205742 0.0517561333031914 0.0209978737731878 0.0236454439699878 0.0237319473117054 0.018802192977603
0 0 0 0 0 0 0 0 0 0
0 0 0 0 0 0 0 0 0 0
0.0376771126261756 0.0610752166805293 0.0401154587406017 0.042755877249016 0.0430397782987822 0.0306555739278871 0.0403507730018202 0.031077793093739 0.0486662598148948 0.0356912992807083
0.029587600900265 0.0474765901012926 0.0317357436357334 0.0319729047622056 0.0276396231174708 0.0229624659671422 0.0304268428403566 0.0244103074691822 0.0394103655024275 0.0264354975961832
-0.572457539494609 -0.584545514193701 -0.598050978646416 -0.68304810216011 -0.476239875701487 -0.683121360971127 -0.597974941925991 -0.363419494542788 -0.682857768150053 -0.547075244973824
-0.819934366565872 -0.811360919588824 -0.801458063120001 -0.730373390900484 -0.879315404614199 -0.730304872080801 -0.80151479638782 -0.931625606660886 -0.730551345544671 -0.837083434513448
1 1 1 1 1 1 1 1 1 1
0.615242339733287 0.59581912072096 0.585373777592194 0.591585917462017 0.579204242351444 0.614996994938954 0.632096276883951 0.632468427249736 0.611177584631551 0.545151209140022
0.78833803878762 0.803118655855598 0.810763554007853 0.806241962602185 0.815182461564336 0.788529451711257 0.774889861044424 0.774586140162762 0.791493499685211 0.838337735744474
0.0721421380825456 0.134808903320384 0.0653315962938404 0.0848015722478351 0.0646900736154546 0.0642341159035728 0.0689141510891341 0.104242854932764 0.140784291205676 0.116630085709074
0.0524462055006518 0.0739353558880951 0.0464893934257357 0.101804983880173 0.0353606957603576 0.0776053883491988 0.0906675555868 0.0394310757898451 0.272879983980772 0.0709931592730596
0.0321811503931117 0.0457112206059173 0.0496353709645787 0.0456825837716692 0.0285266410719126 0.0530518977082505 0.0511899751765403 0.0335120274467671 0.0525938639140968 0.153278912801484
0.0253454678167208 0.215208614832685 0.0394586835798498 0.0393469434736377 0.0202962744926006 0.0464512117367399 0.0418332165032104 0.0275033853674294 0.0400768985693703 0.0526356216892582
0 0 0 0 0 0 0 0 0 0
0 0 0 0 0 0 0 0 0 0
0.0315852452765542 0.0396467087729451 0.0443500508843869 0.0530349580231243 0.0307561699577956 0.0338894762215664 0.0385707067893394 0.0482333010253745 0.0362706985434974 0.0386954748090607
0.0244262420567564 0.0297894394164292 0.0290614027572446 0.0373527466933888 0.0216978239513704 0.0290717621660263 0.0308762706469405 0.037261030180205 0.0257237227794305 0.0297491005298181
-0.687328325717472 -0.664440422641333 -0.531526911378389 -0.717796629561103 -0.516064222179913 -0.472986879310666 -0.590221529606046 -0.69836159174773 -0.718399925355569 -0.515936997531609
-0.726346868008954 -0.747341237160246 -0.847041405410946 -0.696252826630328 -0.856549892642478 -0.881069470586716 -0.807241318311631 -0.715745127242636 -0.695630323698667 -0.856626531563241
1 1 1 1 1 1 1 1 1 1
0.590770407126192 0.575292452004533 0.615167434620108 0.573924804926406 0.644627447406109 0.63842998467801 0.612141500254806 0.612475398440741 0.600497028157265 0.64531763651047
0.806839715224748 0.81794779458509 0.788396491229455 0.81890800355729 0.764496863336067 0.769679904027665 0.790748242910344 0.790489649713933 0.799626987522491 0.763914359079957
0.0522492368597761 0.0669724464081401 0.0872275948330618 0.0997545084893247 0.0687069911401138 0.0598285364955877 0.060101302281698 0.0841859810170102 0.0797858620878917 0.165977496298887
0.0470456883191238 0.058739261065982 0.0944056051067539 0.201033632043197 0.0397698055950665 0.03422973899142 0.0390468780501219 0.125028579372533 0.107064013988369 0.0874423012007391
0.043162363268536 0.041283850803757 0.0323167375076203 0.0383868210185727 0.0596371057263322 0.0269269996301906 0.0212422006883146 0.0487038375820271 0.0314497976701775 0.0400703425022849
0.0315726752455622 0.0293927637386847 0.0267449802658259 0.0250351481985362 0.0700142190088899 0.0215546929679137 0.016661902667994 0.0411841730068764 0.0233966015942085 0.0357369216525248
0 0 0 0 0 0 0 0 0 0
0 0 0 0 0 0 0 0 0 0
0.0460608994241812 0.051280459276148 0.0373814571434885 0.0465135544270216 0.0365627991902677 0.0389483352330647 0.0370184496987185 0.0344245058620317 0.0352785315357475 0.0389256680387238
0.0358973578460087 0.0389422539453054 0.0291520218055878 0.0340194431197549 0.0271917777176441 0.0316042805598441 0.0335991279959334 0.0273962104446219 0.0284853949500218 0.0327673181918667
-0.566319683306808 -0.626783656819414 -0.663616212129846 -0.7751646854858 -0.583957955580601 -0.621040294351151 -0.555627932981618 -0.500149033388355 -0.64756028684512 -0.71635575735556
-0.824185668584013 -0.779193331301085 -0.748073206978058 -0.631759218670928 -0.811783903581565 -0.783778637621768 -0.831431055524495 -0.865939342217857 -0.762014222243303 -0.697735214034337
1 1 1 1 1 1 1 1 1 1
0.606002854874846 0.606550793418898 0.577192853675914 0.554637679586408 0.601547926742155 0.630962638737861 0.602588290852981 0.639941695546285 0.601565115244211 0.563632815601135
0.79546246918603 0.795044737736755 0.816607867746482 0.832091968704785 0.798836711620225 0.775813217544633 0.798052223683941 0.768423468083417 0.798823767874504 0.826025453105131
0.114310463719411 0.0637609836706759 0.0615524170170604 0.102570632831864 0.0596255336883345 0.0554240567781423 0.153754131585859 0.137837919778017 0.0974341228507178 0.105182411155928
0.0881239424828354 0.0515145174546115 0.0922457478986841 0.26573686007676 0.0466518391794349 0.0468706851446536 0.17186979555172 0.119456952543751 0.161410515944941 0.231281728141909
0.0509481178304101 0.0367855854605169 0.0329279101637066 0.0331205157539519 0.0396390702717522 0.0590167150232428 0.0302797574697853 0.0372545966335557 0.044191722728768 0.0321422298173156
0.0379825169523325 0.0290247280636655 0.0221169412394148 0.0231787319511783 0.0291715875898586 0.0582272430488001 0.0233623187878834 0.0312470501537791 0.0336784653447532 0.0219155911606527
0 0 0 0 0 0 0 0 0 0
0 0 0 0 0 0 0 0 0 0
0.0436201667973307 0.0435844479785213 0.0421480558781412 0.0428609840178666 0.0360208258893893 0.0418339434200566 0.0334987676624602 0.0373738415665332 0.0536336106746161 0.0322657658034233
0.0336320096690888 0.0414150838305108 0.0314374970333259 0.036287851724407 0.0341252642788009 0.0309484552864414 0.0266241377916742 0.0268459649152777 0.0407243508948132 0.0267706406174961
-0.555627932981618 -0.602050378946125 -0.650025021822705 -0.709430032151327 -0.555627932981618 -0.588673305807368 -0.584545514193701 -0.599342840576783 -0.566319683306808 -0.691192385711842
-0.831431055524495 -0.798458102351543 -0.759912804869343 -0.704775871807319 -0.831431055524495 -0.808371040444811 -0.811360919588824 -0.800492448090144 -0.824185668584013 -0.722670800526749
1 1 1 1 1 1 1 1 1 1
0.688340944974926 0.581283019699887 0.570833463208013 0.577526660944042 0.620936984205318 0.569943137640219 0.575242910557219 0.631407099998765 0.622309462913841 0.576178267238315
0.725387305838079 0.813701450784365 0.82106586659168 0.816371824537585 0.783860486085378 0.82168413630593 0.817982636645583 0.775451529156497 0.782771315498905 0.817324051011747
0.0888177147376932 0.0929824830207933 0.102182615121568 0.0912408712103336 0.0944805658985252 0.0963852787715744 0.0832765755518479 0.0887779366286418 0.0820549732058215 0.0776899173804374
0.0623970528763103 0.213657898630574 0.0977518676813479 0.163854255462097 0.0521763288846899 0.0699477057213255 0.0553887617492229 0.0649107738533331 0.0500687951370548 0.0864267118919315
0.0701395263733665 0.0338326556574049 0.03299688150182 0.0374609071777692 0.043695488525196 0.0333450848673926 0.03538799006325 0.0383307344709262 0.0406036338230239 0.0297079559879131
0.0588174590322811 0.0244378945387554 0.0231225058122363 0.0269645784549362 0.0366400108346671 0.0232984465942589 0.0257822133391039 0.030393494919503 0.0347651295304207 0.0205394268938486
0 0 0 0 0 0 0 0 0 0
0 0 0 0 0 0 0 0 0 0
0.032363670881019 0.0335076312953135 0.0441132978903805 0.0341844459886038 0.0419364950444792 0.0426316701008749 0.0420110955755269 0.044522098295531 0.0346979831409265 0.0366106222499644
0.0245838824625604 0.0256959358540319 0.0326312057724798 0.0323453353212624 0.0389296810615402 0.0371361512190988 0.0356404814048941 0.0347115710627897 0.0275671465307184 0.0270174330643675
-0.580737736722198 -0.548830683125729 -0.727406272512949 -0.639319867663728 -0.682856508975756 -0.618082988724609 -0.564445135578149 -0.631759218670926 -0.631759218670926 -0.488017318142742
-0.814090708181084 -0.83593353878149 -0.686207049445587 -0.768940899426239 -0.730552522512545 -0.786112853888839 -0.825470586345852 -0.775164685485801 -0.775164685485801 -0.872833945944339
1 1 1 1 1 1 1 1 1 1
0.650766977245986 0.584158825224941 0.581698800903841 0.573842581791018 0.567980418504775 0.605582016156964 0.618340160452362 0.626601935723863 0.606646675012132 0.605860442243307
0.759277512722537 0.811639369986336 0.8134042691227 0.818965622797086 0.823042067087181 0.795782898601915 0.785910583954528 0.779339472981516 0.79497157917546 0.795570942483915
0.0978885556396859 0.108681982046215 0.0665239476149063 0.0885233381433881 0.0827919680582431 0.0607483592288518 0.0680886519508317 0.0763130490357763 0.121095149794024 0.0734908922876329
0.117472752045607 0.0602700825810274 0.0627900192693412 0.14963935325138 0.0727122558560131 0.0469069496202973 0.0439720013903891 0.0887945458269359 0.166904731293639 0.0374983883434823
0.0375949436841184 0.0349046946655901 0.0277159872385897 0.0346548668267274 0.0278181102391974 0.0286875965768898 0.0398073388049426 0.0353681126286085 0.0267848977940189 0.0227897561836606
0.0315648951189272 0.0257369310781492 0.0202709482535236 0.0239358115727427 0.0198888562272497 0.0213183684712623 0.0321539624484088 0.0292440903593795 0.0198732373707322 0.0174570184492224
0 0 0 0 0 0 0 0 0 0
0 0 0 0 0 0 0 0 0 0
0.042312133839538 0.0543709549658067 0.0347601406890238 0.0380084735788519 0.0343029578302716 0.0359688511010912 0.0383568772649996 0.0411165120538217 0.0403049476065178 0.0397798994595286
0.0320911856604193 0.0415646585146272 0.0282103853968891 0.0319126631073291 0.0233606872508097 0.0351830158152851 0.0272540267742593 0.0346660849335882 0.0317649437917779 0.0341283619837139
-0.553479139914496 -0.50139422385656 -0.620629628368836 -0.636424921847525 -0.5388954247252 -0.61370850338801 -0.623541396191084 -0.676207790942058 -0.577273603807354 -0.459026001492348
-0.832863038968298 -0.865218950487839 -0.784103860716653 -0.771338653803484 -0.842372673589455 -0.789532692717185 -0.781790334575757 -0.736710949741662 -0.816550786140868 -0.888422832863917
1 1 1 1 1 1 1 1 1 1
0.578644152461259 0.607868389705985 0.548508646221287 0.670219627481317 0.552768269041552 0.59873841320876 0.611866028659826 0.597379760107142 0.619307272859829 0.611630205607456
0.815580127775555 0.794037795571629 0.836144882792744 0.742162819695789 0.833335011109462 0.800944637630003 0.790961416866874 0.80195849157817 0.785148713163895 0.791143786924084
0.0559685557884544 0.11995504092751 0.0670746391256672 0.0818409462847228 0.0997395834666502 0.0963099555517904 0.109054915919177 0.0737683402260744 0.0998930577214135 0.113475846333985
0.0378168464590215 0.0465946176368302 0.0572070010352181 0.0521695011265097 0.092450231453919 0.0565764384677363 0.0548086886481184 0.0643695447315969 0.0511507921524205 0.0447947192157975
0.0384134956814968 0.0540141871962495 0.0458890592506126 0.0866667421576716 0.28156467748898 0.0508940053938887 0.0307630052859112 0.0299397725951002 0.0281143719363547 0.039969277449252
0.0248796071532482 0.0406987545455744 0.0311587087622011 0.0897638664992758 0.14473224501613 0.0432165796940498 0.0226201662730904 0.0227422929441753 0.02250776085106 0.0299888391001416
0 0 0 0 0 0 0 0 0 0
0 0 0 0 0 0 0 0 0 0
0.0398959015894019 0.0502103167426499 0.0427779278918392 0.0306679744526249 0.049743196846119 0.0406892672933179 0.0318981231083214 0.0389908912686641 0.0466274195963575 0.0295074200798785
0.0268763421375916 0.0406710638178959 0.0311215681152279 0.0206912070067413 0.032489739002072 0.0263444821109386 0.0285883633649836 0.0340014552018803 0.0336409288607822 0.0230606055556922
-0.609632602483632 -0.590817380328612 -0.631759218670926 -0.566233180806236 -0.466596570650649 -0.555627932981618 -0.608659291965357 -0.741159394698507 -0.574947862116188 -0.600540400551242
-0.792684104791457 -0.806805319207575 -0.775164685485801 -0.824245100048555 -0.884470259679235 -0.831431055524495 -0.793431702356435 -0.671329093403633 -0.818190048734415 -0.799594414253723
1 1 1 1 1 1 1 1 1 1
0.616885212235917 0.642869735210387 0.545961323259033 0.55954850595159 0.596672412437495 0.601718567618085 0.595722027096461 0.578441009988108 0.602560216893085 0.586087038488362
0.787053133482516 0.765975524119751 0.837810380399554 0.828797604658305 0.802484910908622 0.798708185374133 0.803190678750746 0.815724216855144 0.798073420819011 0.810248099853336
0.096454869763226 0.0636681678186591 0.091402106787421 0.0708336570436875 0.0822367403971343 0.154934747868125 0.0585593888864689 0.0633479383014039 0.0696944557044459 0.0539845585250444
0.0998141163206748 0.0471265164048081 0.0931337814087539 0.0513103312188422 0.0439249776062257 0.119571622408979 0.0483455762769756 0.0625265321529072 0.0412802873263376 0.0396248877974196
0.0397730867856365 0.0317725838813112 0.0433145914887488 0.032348481178581 0.0220233634485799 0.034809393288488 0.0303324020649255 0.0299656667645587 0.0508819045807122 0.0221153958919837
0.0317686999786373 0.0272879668936313 0.0284170361780763 0.0217872613273429 0.0167344813831733 0.0250791399167945 0.0234284758543118 0.0215793265350659 0.0430722031599884 0.0165574956501558
0 0 0 0 0 0 0 0 0 0
0 0 0 0 0 0 0 0 0 0
0.0375087948816246 0.0445910957391893 0.0485147789484971 0.0398959843806021 0.0359843523834596 0.0396207019888379 0.0370689106467192 0.0399371214239173 0.0386378321145463 0.0336030397998767
0.0293698926131701 0.0336286185018625 0.0326140492357965 0.0329764708263088 0.0307089539706281 0.0295797255078674 0.0284034185172081 0.031139580061746 0.0291559102349537 0.0267020755730487
-0.636666795044602 -0.533815644968033 -0.587883440294255 -0.626783656819414 -0.598056253813744 -0.685974615348265 -0.499251724605238 -0.741102815041437 -0.684667594018762 -0.748884610319295
-0.771139022542391 -0.845600885280617 -0.808945647511494 -0.779193331301085 -0.801454126743553 -0.727625471721406 -0.866456989976246 -0.671391553072913 -0.72885546283235 -0.662700415291041
1 1 1 1 1 1 1 1 1 1
0.557942052980373 0.580211552666075 0.625443137220283 0.568713131932933 0.611461379404943 0.619569351240851 0.598202059662805 0.591369659530634 0.598746754136995 0.607512642386244
0.829879910297898 0.814465809075385 0.780269749576421 0.822535940592893 0.791274277034332 0.784941920783309 0.801345303733152 0.806400598825808 0.800938402382114 0.794310008334834
0.0760670680560372 0.121023976098363 0.074930086394099 0.0869557910302498 0.157671830872284 0.0714074597670877 0.111925125411908 0.0653650261166648 0.0845265750127789 0.118812618590586
0.0973524198007326 0.0806526169732204 0.0602577323217003 0.105540050145875 0.070715953216904 0.075599173509495 0.133076609225586 0.0679563218996085 0.0678556207415701 0.133101349274183
0.0440936878948878 0.0267645427025954 0.0265194003682663 0.0542333956415528 0.0340844836095278 0.032818244377585 0.0280662642918702 0.0476597217573084 0.0221424665766438 0.0250963871192142
0.0277956590670394 0.0188363800711976 0.0212005176004532 0.0354094888175657 0.0266689383554202 0.0267782348466775 0.0201005251232953 0.0339197437183695 0.0165099521286277 0.0197841644857127
0 0 0 0 0 0 0 0 0 0
0 0 0 0 0 0 0 0 0 0
0.0336968500600797 0.0494015898751822 0.0300512750350916 0.030938345216131 0.0372000623453509 0.0347211780547203 0.0380124333659616 0.0398098597578427 0.0393046030908303 0.0433978671640792
0.0264875105546709 0.0386371257176657 0.0245202570375923 0.0271157906752345 0.0249795378739747 0.0301466503203697 0.0290537354490409 0.0323750970840632 0.0333573416580563 0.0317326769123667
-0.501447922296186 -0.586793855179141 -0.665252118163266 -0.588673305807368 -0.632069136785324 -0.45021143858772 -0.664440422641333 -0.648891063545147 -0.542934719666315 -0.77113902254239
-0.865187830025849 -0.809736359270103 -0.746618791137276 -0.808371040444811 -0.774911999083416 -0.89292197899076 -0.747341237160246 -0.760881322974383 -0.839774904471942 -0.636666795044604
1 1 1 1 1 1 1 1 1 1
0.669225820240383 0.596200981303395 0.533831715048676 0.644828732777431 0.603505525506309 0.604798637498892 0.573561061827826 0.59033451044879 0.575095518943659 0.55790416908768
0.743059083467517 0.802835219639042 0.845590740256886 0.764327093190247 0.797358815517427 0.796378432706138 0.819162809431029 0.807158699248907 0.818086269345063 0.829905379012924
0.0778635418875806 0.0958523226447458 0.12591046843197 0.10038034019744 0.0875843696373195 0.130559210344437 0.123475409185856 0.0590949343793917 0.130041104494621 0.10746595737288
0.0510217657343975 0.194874502203695 0.177204321358513 0.0917472338675622 0.117752143122217 0.0719552999247744 0.13832419358211 0.0798529960993112 0.0944010141996695 0.244210290364165
0.0604059475610845 0.0238509184632323 0.0470972981059885 0.0283190090617266 0.0337455711839305 0.0389586827114367 0.039096047225597 0.031435070904666 0.0361827388618405 0.040619084367435
0.06076874842601 0.0185907813854394 0.0306640455351881 0.0241637628139037 0.0253560773104694 0.0285937094091331 0.0259748551058215 0.0235465782686778 0.0240516599162524 0.0251491350165576
0 0 0 0 0 0 0 0 0 0
0 0 0 0 0 0 0 0 0 0
0.0361029994588484 0.0242510635527936 0.0429554094389188 0.0384745637866365 0.0402045183508965 0.0420077560811684 0.0304522459016163 0.0409920371972922 0.0344234294901415 0.0333635140905579
0.0260923700971684 0.0183617637003647 0.0385533746560952 0.0304853038256714 0.0296567568205862 0.0334150538269359 0.0215989488040707 0.0375125962034345 0.0239137227725873 0.0292890335764456
-0.567430781304507 -0.419378308468647 -0.471767914601757 -0.674942421187998 -0.705394126280171 -0.670303537946063 -0.597994937743989 -0.692733604484664 -0.473074245821127 -0.471046802490693
-0.823421100305401 -0.907811563258574 -0.881722765245578 -0.737870400599511 -0.708815297951049 -0.742087034664392 -0.801499877999094 -0.721193561547582 -0.881022563809107 -0.882108218907008
1 1 1 1 1 1 1 1 1 1
0.583410904891314 0.566999610372559 0.59677671939669 0.585456147993399 0.621849772904397 0.613112767877365 0.549219690746388 0.642407551161352 0.65392710235314 0.616621217461312
0.812177145734783 0.82371805967659 0.802407344922842 0.810704075959121 0.783136552549267 0.789995401167473 0.835678006947917 0.766363189493647 0.756557562124671 0.787259978772279
0.100410897158103 0.150974706632821 0.140518966858407 0.0809526011004306 0.11689074909069 0.0805540712137889 0.0634100891974077 0.109229284783474 0.19287514293075 0.124468642247053
0.0578944425745218 0.0771188636169346 0.125928355111863 0.116616538146037 0.104813710714534 0.151579891183958 0.0520622625266102 0.191463459201893 0.0818450777515373 0.0969799032959391
0.0299638896257033 0.0377906471434129 0.0366234958668131 0.0345415990591529 0.0406707206373674 0.0330999390134984 0.041948026765935 0.0371930887142747 0.0360327705119165 0.0364355153108081
0.0216713878044961 0.0270842513268724 0.0285067974065162 0.0233590975361664 0.0325822174501174 0.0287752539592096 0.0293656306437473 0.0281646698377879 0.0322014096355728 0.0273402953218197
0 0 0 0 0 0 0 0 0 0
0 0 0 0 0 0 0 0 0 0
0.0359738638530858 0.0497394707924481 0.0424357338119994 0.038178324095137 0.0449012978998944 0.045825976587988 0.0389273010502327 0.040538122721072 0.0413214115161612 0.0344391958700888
0.0254565485247469 0.0390812897314034 0.0334120126119543 0.0258933841456487 0.0364499799587127 0.0479476813397498 0.0269156418840392 0.0303629627698718 0.0286340237308191 0.0248893105127155
-0.510466172157508 -0.507514836722439 -0.533304053776305 -0.588000211413254 -0.641083927943319 -0.588000211413254 -0.597920958171649 -0.526529302106444 -0.55648439298306 -0.626783656819414
-0.859897835258853 -0.861643018022311 -0.84592362907402 -0.80886077379112 -0.767470779465098 -0.80886077379112 -0.801555068463233 -0.85015698198821 -0.83085806270763 -0.779193331301085
1 1 1 1 1 1 1 1 1 1
0.602689053386351 0.578715773123283 0.55681458407945 0.584160893755011 0.681404910300515 0.625298150559272 0.591704791059304 0.565430675569443 0.558896759225121 0.558936963740517
0.797976130550447 0.815529309061496 0.83063681531487 0.81163788120525 0.731906652667092 0.780385944842136 0.806154724750445 0.824795823901336 0.829237247431431 0.829210148614048
0.0649464441054144 0.161062261562176 0.0715146315468165 0.0797980236435415 0.0560552703285547 0.0818289452433922 0.083463059531777 0.262814977143023 0.0679106077219162 0.117998153334968
0.0426579942320526 0.0607511529448819 0.0402838474099938 0.0534292633542526 0.0468721624516121 0.059230808333212 0.0356612648495454 0.0577610675254387 0.0441048960407217 0.0544802568193155
0.0272636534190908 0.0281540154615862 0.0316692963641551 0.0389620680676072 0.125542830926022 0.0311469755914511 0.0362977651695752 0.0316470758545668 0.0438213144957785 0.0285052587332789
0.0200116018701375 0.0202338296495992 0.0218734407711846 0.0317223755488743 0.544776670187608 0.0254745596849946 0.0269092591533957 0.0211191169884703 0.0286720680020277 0.0204573793836586
0 0 0 0 0 0 0 0 0 0
0 0 0 0 0 0 0 0 0 0
0.0295129677764174 0.0412988187113061 0.0294075896487938 0.0463716036335368 0.0363196820216412 0.0317781316645461 0.0383219900662969 0.0383143138753702 0.0491599897277052 0.0423969500498362
0.0236124597440898 0.0297524928120847 0.0226065439988163 0.0308202436272607 0.0268378484853128 0.0245375311450779 0.025703137185674 0.0274430515525464 0.0405316673160257 0.0328204004536371
-0.690271359798309 -0.656905378398566 -0.587216293172185 -0.518868836952163 -0.50957246238074 -0.668389486853012 -0.681402170375703 -0.704939006866187 -0.559246063525678 -0.707736430257352
-0.72355058554478 -0.753973025930661 -0.809430061854091 -0.854853864727714 -0.860427745707465 -0.743811463923734 -0.731909203526832 -0.709267930050777 -0.829001713165319 -0.706476570939603
1 1 1 1 1 1 1 1 1 1
0.591906663502033 0.652610078085438 0.459014404135777 0.652657098408354 0.601668517145913 0.609708299531984 0.574997873089851 0.597816613013565 0.591269713305862 0.52833689815031
0.806006514677078 0.757693926319407 0.888428824833975 0.757653424658787 0.798745889175925 0.792625882419832 0.81815490339064 0.801632894288271 0.806473884342949 0.849034817927338
0.0815210509897069 0.101529675119922 0.113755756977902 0.0824647241379017 0.0846049969381266 0.0562739301664436 0.158399665713079 0.0719520297766831 0.125491693509779 0.100564548728354
0.151018139945882 0.0862198609546473 0.113704405114845 0.0439845807018213 0.0539017062234287 0.0495606536181574 0.170757682172837 0.0654429811035139 0.122156676210092 0.105745714834903
0.0395743541088173 0.0718461501275065 0.316730741226515 0.0533044950845214 0.032410437512845 0.037597622065939 0.0362268682345235 0.0334419487186539 0.0282747273655168 0.0338959911786575
0.028871862050163 0.151705528261346 0.0742111632005253 0.0482019742184694 0.025335576705066 0.0277568934858503 0.0264106030037106 0.0240686229945611 0.0209728134973151 0.0201558947846839
0 0 0 0 0 0 0 0 0 0
0 0 0 0 0 0 0 0 0 0
0.0352835478859078 0.0427611776457889 0.0443542340842103 0.0445262015686173 0.050705328241512 0.0373896618322922 0.0375765176530356 0.048890167895684 0.0462423162023203 0.0550046072980551
0.0273303409027862 0.036488412959607 0.0342021066598737 0.0381630666645826 0.0464772977102471 0.0278397719698802 0.0319068512508125 0.0354133451522853 0.0393475927950076 0.0482382516990428
-0.695168113380432 -0.586291728891788 -0.623554159388629 -0.59371541715836 -0.631759218670926 -0.64756028684512 -0.631759218670926 -0.639798454296756 -0.586617994773812 -0.626783656819414
-0.718847198046352 -0.810099999156325 -0.781780154716875 -0.804675091840473 -0.775164685485801 -0.762014222243303 -0.775164685485801 -0.768542736534203 -0.809863771388467 -0.779193331301085
1 1 1 1 1 1 1 1 1 1
0.588235364199283 0.6754351176848 0.58118393414885 0.611765870306746 0.57600591774039 0.587675133926715 0.625557706918365 0.575094777253944 0.620240243172496 0.568291650640036
0.808689777544725 0.737419420545812 0.813772225310784 0.791038886482725 0.817445522789165 0.809096988601625 0.780177899786349 0.818086790735089 0.784411907577469 0.822827199242236
0.0943422509121793 0.0963102962931866 0.103276089280791 0.0835971402652891 0.107739183326739 0.122878046354492 0.052629800806913 0.100911161598769 0.116943294778693 0.0827311657474456
0.129465185473115 0.0442973560839974 0.0889518044285536 0.0955870451010105 0.1484670063224 0.171650958258097 0.0423455220327494 0.0866707262530106 0.0602779552951884 0.0596146951378808
0.0602236486440699 0.0760005271445668 0.0829218564159529 0.0241184955680435 0.0323791891339487 0.0255859919481561 0.0373702302562681 0.0277294997113947 0.0288573976593092 0.0307648359344578
0.0368101578516221 0.0863803916362146 0.0477577819114999 0.01760680828889 0.0235649886938828 0.0192584626995785 0.0303453581750699 0.0205488693440784 0.0216833619684431 0.0198245378484369
0 0 0 0 0 0 0 0 0 0
0 0 0 0 0 0 0 0 0 0
0.036199419887992 0.0537677171364754 0.0442839660979299 0.0353540602617419 0.0439899970916938 0.0427571742847321 0.0477143030781971 0.0351423716991939 0.045517233641756 0.0393955956224136
0.0327969000601893 0.0359778063659391 0.0364232274706572 0.0254962763829334 0.0321885666888317 0.0368182267983241 0.0385168342913538 0.029386484402817 0.0379807737473431 0.0300385936170535
-0.597994937743989 -0.6387697270707 -0.659212418199146 -0.59295451707269 -0.555627932981618 -0.622036041106015 -0.577939900286242 -0.647431189532922 -0.644439454649681 -0.607642547978929
-0.801499877999094 -0.769397969699702 -0.751956772488974 -0.805235953421787 -0.831431055524495 -0.782988610112022 -0.816079329267154 -0.76212391041089 -0.764655340196367 -0.794210635716795
1 1 1 1 1 1 1 1 1 1
0.691301652852347 0.650981764683412 0.630373454076103 0.563437894465477 -0.142293649935855 0.600628957409766 0.59239195591034 0.544069629586827 0.576375872518407 0.613063206616713
0.72256627707333 0.759093368466403 0.776292025204538 0.826158422507639 -0.989824488072473 0.799527895398814 0.805649905711359 0.839040069461079 0.817184712031891 0.79003386300388
0.0429716473316434 0.0796361307351887 0.0960751111058583 0.098319228464595 0.138889838168114 0.0849011214080449 0.15788138138946 0.0423907214670341 0.0679392943553325 0.233488296101247
0.0344831113027463 0.0602700137143015 0.115447837991538 0.0462226472309379 0.101906412061596 0.134664753231788 0.228294898395253 0.0349086935568994 0.0866648418574036 0.187910568261212
0.0453300500085664 0.0412465488257255 0.030425577614486 0.0382092475761499 0.295285952714928 0.0473047705369897 0.0891535253866824 0.035227122944363 0.0281396893989534 0.0522230832775816
0.0464233330255637 0.0347210450670838 0.0241139067814866 0.0278417598269283 0.679795652551625 0.0364827224513593 0.368957541189757 0.0239635912453773 0.0198920347166609 0.0366924421800899
0 0 0 0 0 0 0 0 0 0
0 0 0 0 0 0 0 0 0 0
0.0352709114914327 0.0332316452617175 0.0339210281722933 0.0329654127886855 0.0430771452008288 0.0402671679011978 0.0361793509058438 0.0445378301608246 0.0409851505525629 0.042025492161964
0.0317573067840176 0.0237080084212371 0.0285532206206173 0.0216345187604454 0.0339908029115984 0.0360030595709015 0.029482104712529 0.0335396086408506 0.0303137484252854 0.0296035392598566
-0.659940457449212 -0.496242604325595 -0.507514836722439 -0.505447351602428 -0.503489447797156 -0.479312997061236 -0.666798112987277 -0.580032029578367 -0.703492762101582 -0.672141660614819
-0.751317903834139 -0.868183896217933 -0.861643018022311 -0.862857447530061 -0.864001374973973 -0.877644034246331 -0.745238402470381 -0.814593668440407 -0.710702422727465 -0.740422573984582
1 1 1 1 1 1 1 1 1 1
0.513814326998309 0.588452757166638 0.604899259077241 0.675097414514889 0.613413901207846 0.566887298148044 0.600867248325951 0.610922030002918 0.524763333828685 0.607387773755473
0.857901414715744 0.808531602711348 0.796302007009781 0.737728595701233 0.78976160061437 0.823795357597025 0.799348828665683 0.791690768707779 0.851248167968075 0.794405496136809
0.153393926312505 0.0735679928615379 0.101145150066879 0.0669198027161488 0.171702948813729 0.173145537518514 0.0841841030066799 0.0851642673294853 0.0863959775830274 0.102269852137464
0.209655803503729 0.0397724575305618 0.0411559014511415 0.0457202251994931 0.0946734478185413 0.106590144620874 0.107174079885154 0.0897617845251214 0.101232405821023 0.17117577062828
0.0549130140993949 0.0422966368763294 0.0339723626942874 0.0454142664693859 0.0294562927129958 0.0419975884998236 0.0355642070555029 0.0306845913376881 0.353649188527413 0.0458910484523257
0.0321910832055621 0.0304982763887356 0.0279434985349154 0.040240207269362 0.0216853622659368 0.0283559842271861 0.0258889336204868 0.0233160806919577 0.115586858537035 0.032529096854473
0 0 0 0 0 0 0 0 0 0
0 0 0 0 0 0 0 0 0 0
0.046278595000379 0.0435869344358067 0.0468004489394945 0.0465203096454218 0.0412570933530267 0.0470198439571241 0.0417762464082846 0.0352742086442518 0.0364066784317486 0.0486934756808264
0.0331755665184938 0.0337992109505966 0.0327111323695116 0.0332251132587519 0.0316335704450675 0.0384927852328882 0.0375464668753877 0.0273724598048653 0.0267726240172073 0.0408209115899637
-0.574756327826139 -0.626783656819414 -0.622468824860675 -0.62919392950949 -0.582176676837362 -0.509209179936354 -0.615899908633296 -0.555627932981618 -0.474060486710544 -0.602760030022832
-0.818324607734493 -0.779193331301085 -0.782644594996075 -0.77724835095895 -0.813062308157626 -0.860642789471071 -0.787824410986038 -0.831431055524495 -0.88049227988652 -0.797922518924535
1 1 1 1 1 1 1 1 1 1
0.641229386809456 0.61212318191237 0.623603054535823 0.593064732236624 0.627460270347403 0.617003378357062 0.608397891759528 0.577242116765179 0.54614349219442 0.649370182281234
0.767349251313878 0.790762423339321 0.781741153051054 0.805154782248172 0.778648578715433 0.786960501611086 0.793632159947265 0.816573045497129 0.837691641317784 0.760472462594167
0.0788381687652079 0.151765576732192 0.166833509604528 0.0825463253771816 0.0761038182322104 0.158835261505541 0.147882033184425 0.144781114428052 0.0609423726313447 0.153738859215659
0.0564113717647402 0.104352987321949 0.0912654851356515 0.0680805275819693 0.0557379943664548 0.0586838291959422 0.129827448190342 0.157623537321872 0.0361512064430598 0.144609996244745
0.0347436196934746 0.0456281394118101 0.0280859858688792 0.0322917734264299 0.0307637999938201 0.0426327208977775 0.022986725798717 0.0357364232638039 0.0370849687093599 0.060359374377851
0.0293848042337464 0.0404156852658659 0.0221586988431603 0.0248957664889651 0.0241237976498498 0.0343703899950357 0.0182219224003571 0.0274760905272766 0.0242326865181832 0.0630329350860212
0 0 0 0 0 0 0 0 0 0
0 0 0 0 0 0 0 0 0 0
0.037249381589449 0.0394511572166008 0.0257063127885612 0.0351600454762375 0.033728192883839 0.0467859223814582 0.0431006813509122 0.0385077413982144 0.0436571361437051 0.0278690256255675
0.0323684713624914 0.0340410880217836 0.0206390054958992 0.0268014707644308 0.0279609679525257 0.0333088093355907 0.0411188217922775 0.0270708446841391 0.0319244621574371 0.0227583473243964
